0.832765
1.167419
1.015028
1.003497
0.999654
0.999654
0.993248
0.988123
0.988123
0.981717
0.98428
0.976593
0.976593
0.97403
0.967624
0.970187
0.965062
0.965062
0.963781
0.957375
0.959937
0.95225
0.954813
0.95225
0.944563
0.948407
0.944563
0.944563
0.942001
0.933033
0.938157
0.939439
0.945844
0.956094
0.939439
0.958656
0.961219
0.968906
0.971468
0.968906
0.981717
1.011184
1.052182
1.094461
1.099586
1.107273
1.118803
1.131615
1.130334
1.123928
1.118803
1.102148
1.095742
1.090617
1.079087
1.077806
1.067556
1.064994
1.058588
1.053463
1.056026
1.053463
1.077806
1.105991
1.130334
1.14827
1.150833
1.162363
1.15852
1.154676
1.149552
1.143146
1.131615
1.117522
1.117522
1.108554
1.105991
1.088055
1.081649
1.080368
1.073962
1.089336
1.088055
1.081649
1.103429
1.116241
1.132896
1.141864
1.143146
1.149552
1.143146
1.143146
1.13674
1.129053
1.12649
1.116241
1.117522
1.105991
1.102148
1.102148
1.095742
1.097023
1.095742
1.091899
1.090617
1.09318
1.112397
1.098305
1.067556
1.057307
1.090617
1.149552
1.002216
1.091899
1.255889
1.305855
1.32251
1.323792
1.327635
1.326354
1.317386
1.314823
1.302012
1.298168
1.291762
1.27895
1.273826
1.266139
1.262295
1.255889
1.246921
1.246921
1.237953
1.236672
1.23539
1.227703
1.226422
1.216173
1.217454
1.212329
1.209767
1.211048
1.204642
1.204642
1.20208
1.200799
1.195674
1.187987
1.186706
1.186706
1.184143
1.182862
1.175175
1.177737
1.175175
1.168769
1.173894
1.162363
1.164926
1.161082
1.154676
1.152114
1.146989
1.149552
1.145708
1.13674
1.140583
1.134177
1.131615
1.129053
1.117522
1.122647
1.117522
1.117522
1.11496
1.108554
1.109835
1.107273
1.105991
1.10471
1.094461
1.095742
1.089336
1.089336
1.088055
1.079087
1.079087
1.075243
1.0714
1.070119
1.062431
1.063713
1.059869
1.054744
1.056026
1.047057
1.04962
1.044495
1.041933
1.03937
1.032964
1.032964
1.029121
1.021434
1.023996
1.01759
1.022715
1.022715
1.01759
1.020153
1.015028
1.013747
1.013747
1.003497
1.002216
1.002216
0.999654
0.99581
0.986842
0.988123
0.985561
0.977874
0.980436
0.97403
0.97403
0.970187
0.9625
0.966343
0.958656
0.959937
0.956094
0.949688
0.949688
0.947126
0.939439
0.942001
0.936876
0.93047
0.933033
0.926627
0.927908
0.921502
0.916377
0.920221
0.917659
0.913815
0.915096
0.906128
0.911253
0.90869
0.906128
0.904847
0.899722
0.899722
0.895878
0.889473
0.892035
0.890754
0.881786
0.885629
0.885629
0.889473
0.884348
0.876661
0.879223
0.87538
0.868974
0.867693
0.861287
0.861287
0.861287
0.854881
0.86513
0.870255
0.870255
0.877942
0.876661
0.879223
0.876661
0.870255
0.871536
0.868974
0.860006
0.860006
0.854881
0.854881
0.851037
0.840788
0.84335
0.839507
0.833101
0.834382
0.827976
0.829257
0.825414
0.819008
0.82157
0.817727
0.816446
0.813883
0.807477
0.808758
0.807477
0.798509
0.802353
0.797228
0.795947
0.795947
0.785697
0.790822
0.785697
0.784416
0.783135
0.776729
0.783135
0.784416
0.781854
0.792103
0.790822
0.789541
0.793384
0.780573
0.786978
0.783135
0.776729
0.780573
0.776729
0.775448
0.774167
0.765198
0.767761
0.767761
0.760074
0.763917
0.75623
0.754949
0.753668
0.743418
0.748543
0.7447
0.745981
0.743418
0.738294
0.738294
0.737013
0.726763
0.730607
0.729326
0.725482
0.724201
0.719076
0.720357
0.719076
0.711389
0.716514
0.715233
0.706264
0.708827
0.704983
0.706264
0.704983
0.698577
0.70114
0.70114
0.692171
0.697296
0.697296
0.692171
0.693453
0.687047
0.689609
0.687047
0.680641
0.684484
0.678078
0.67936
0.680641
0.671673
0.674235
0.66911
0.667829
0.665267
0.667829
0.667829
0.667829
0.661423
0.66911
0.66911
0.661423
0.665267
0.660142
0.65758
0.660142
0.655017
0.655017
0.655017
0.64733
0.64733
0.648611
0.638362
0.644768
0.639643
0.6358
0.640924
0.637081
0.637081
0.6358
0.630675
0.637081
0.638362
0.634518
0.639643
0.638362
0.642206
0.642206
0.642206
0.651174
0.655017
0.649893
0.658861
0.65758
0.652455
0.653736
0.648611
0.649893
0.648611
0.640924
0.646049
0.640924
0.638362
0.639643
0.633237
0.637081
0.6358
0.626831
0.633237
0.628113
0.62555
0.626831
0.621707
0.624269
0.622988
0.617863
0.620426
0.620426
0.617863
0.616582
0.610176
0.615301
0.61402
0.605051
0.611457
0.610176
0.608895
0.607614
0.599927
0.606333
0.60377
0.594802
0.601208
0.596083
0.599927
0.598646
0.590958
0.599927
0.598646
0.594802
0.601208
0.596083
0.597364
0.599927
0.59224
0.599927
0.597364
0.590958
0.594802
0.59224
0.587115
0.590958
0.585834
0.585834
0.584553
0.579428
0.584553
0.585834
0.576865
0.583271
0.579428
0.579428
0.579428
0.571741
0.576865
0.574303
0.569178
0.573022
0.569178
0.571741
0.571741
0.567897
0.569178
0.57046
0.565335
0.567897
0.566616
0.558929
0.566616
0.562773
0.562773
0.567897
0.56021
0.56021
0.561491
0.553804
0.557648
0.558929
0.551242
0.557648
0.556367
0.552523
0.556367
0.549961
0.552523
0.551242
0.543555
0.54868
0.546117
0.547398
0.546117
0.543555
0.546117
0.543555
0.539711
0.542274
0.540993
0.532024
0.537149
0.539711
0.534587
0.539711
0.53843
0.543555
0.543555
0.537149
0.542274
0.540993
0.532024
0.53843
0.537149
0.530743
0.534587
0.533305
0.534587
0.535868
0.5269
0.530743
0.532024
0.521775
0.5269
0.5269
0.525618
0.528181
0.520494
0.5269
0.528181
0.519213
0.525618
0.5269
0.517931
0.523056
0.519213
0.515369
0.520494
0.517931
0.523056
0.525618
0.524337
0.530743
0.534587
0.529462
0.534587
0.53843
0.530743
0.535868
0.537149
0.5269
0.535868
0.532024
0.535868
0.539711
0.542274
0.549961
0.556367
0.551242
0.56021
0.56021
0.555085
0.565335
0.555085
0.557648
0.555085
0.551242
0.549961
0.54868
0.544836
0.54868
0.544836
0.53843
0.544836
0.543555
0.535868
0.540993
0.539711
0.539711
0.539711
0.535868
0.53843
0.539711
0.530743
0.535868
0.535868
0.528181
0.534587
0.537149
0.530743
0.537149
0.534587
0.537149
0.537149
0.532024
0.514088
0.430811
0.474302
0.48327
0.480708
0.474302
0.467896
0.46149
0.434586
0.453803
0.437148
0.419212
0.432023
0.430742
0.458928
0.467896
0.473021
0.479427
0.476865
0.485833
0.489676
0.485833
0.49352
0.489676
0.487114
0.489676
0.485833
0.489676
0.490958
0.481989
0.489676
0.488395
0.484552
0.488395
0.48327
0.487114
0.488395
0.481989
0.487114
0.487114
0.485833
0.487114
0.48327
0.484552
0.485833
0.479427
0.48327
0.478146
0.481989
0.481989
0.478146
0.481989
0.480708
0.474302
0.480708
0.478146
0.479427
0.478146
0.474302
0.479427
0.476865
0.47174
0.476865
0.475583
0.47174
0.475583
0.474302
0.475583
0.474302
0.466615
0.473021
0.473021
0.467896
0.473021
0.470459
0.470459
0.470459
0.467896
0.470459
0.470459
0.46149
0.467896
0.466615
0.466615
0.466615
0.462772
0.465334
0.465334
0.458928
0.464053
0.465334
0.46149
0.460209
0.458928
0.462772
0.462772
0.456366
0.460209
0.46149
0.456366
0.462772
0.457647
0.457647
0.456366
0.447398
0.429461
0.410243
0.403838
0.412806
0.412806
0.410243
0.412806
0.419212
0.426899
0.421774
0.410243
0.44996
0.507613
0.519143
0.521706
0.519143
0.522987
0.519143
0.511456
0.516581
0.516581
0.508894
0.516581
0.514019
0.510175
0.514019
0.508894
0.511456
0.512738
0.50505
0.508894
0.508894
0.508894
0.508894
0.506332
0.507613
0.507613
0.501207
0.508894
0.506332
0.50505
0.506332
0.50505
0.507613
0.507613
0.501207
0.507613
0.50505
0.499926
0.50505
0.502488
0.501207
0.501207
0.497363
0.501207
0.501207
0.49352
0.498645
0.494801
0.498645
0.498645
0.49352
0.496082
0.494801
0.488395
0.49352
0.494801
0.484552
0.492239
0.490958
0.492239
0.492239
0.485833
0.490958
0.487114
0.48327
0.488395
0.485833
0.488395
0.487114
0.480708
0.485833
0.484552
0.481989
0.484552
0.476865
0.485833
0.490958
0.494801
0.498645
0.49352
0.494801
0.496082
0.490958
0.498645
0.497363
0.488395
0.499926
0.496082
0.501207
0.503769
0.496082
0.503769
0.503769
0.498645
0.507613
0.50505
0.506332
0.50505
0.498645
0.503769
0.501207
0.494801
0.501207
0.499926
0.50505
0.499926
0.497363
0.497363
0.499926
0.489676
0.498645
0.497363
0.498645
0.497363
0.490958
0.497363
0.496082
0.487114
0.49352
0.490958
0.492239
0.492239
0.485833
0.489676
0.490958
0.48327
0.488395
0.487114
0.488395
0.485833
0.480708
0.487114
0.485833
0.478146
0.485833
0.481989
0.476865
0.48327
0.476865
0.479427
0.478146
0.473021
0.475583
0.479427
0.473021
0.476865
0.475583
0.476865
0.476865
0.47174
0.475583
0.475583
0.469178
0.47174
0.474302
0.466615
0.473021
0.469178
0.470459
0.47174
0.466615
0.467896
0.466615
0.465334
0.467896
0.469178
0.46149
0.466615
0.465334
0.465334
0.465334
0.46149
0.465334
0.462772
0.458928
0.464053
0.46149
0.457647
0.462772
0.462772
0.460209
0.46149
0.457647
0.460209
0.457647
0.453803
0.458928
0.457647
0.448679
0.453803
0.455085
0.447398
0.452522
0.451241
0.448679
0.451241
0.448679
0.451241
0.44996
0.446116
0.44996
0.448679
0.443554
0.44996
0.446116
0.442273
0.447398
0.448679
0.440992
0.446116
0.443554
0.443554
0.444835
0.440992
0.43971
0.444835
0.437148
0.43971
0.442273
0.437148
0.43971
0.440992
0.434586
0.438429
0.437148
0.434586
0.438429
0.437148
0.430742
0.437148
0.433305
0.437148
0.435867
0.430742
0.434586
0.434586
0.42818
0.433305
0.434586
0.426899
0.433305
0.432023
0.432023
0.433305
0.42818
0.430742
0.430742
0.42818
0.430742
0.42818
0.421774
0.429461
0.42818
0.421774
0.42818
0.425618
0.426899
0.426899
0.425618
0.421774
0.425618
0.420493
0.425618
0.425618
0.420493
0.423055
0.425618
0.416649
0.423055
0.424336
0.421774
0.421774
0.416649
0.420493
0.419212
0.415368
0.420493
0.419212
0.412806
0.420493
0.419212
0.414087
0.41793
0.415368
0.415368
0.414087
0.412806
0.415368
0.416649
0.411525
0.414087
0.415368
0.408962
0.412806
0.414087
0.407681
0.411525
0.408962
0.407681
0.412806
0.410243
0.408962
0.410243
0.407681
0.410243
0.410243
0.405119
0.410243
0.410243
0.403838
0.408962
0.407681
0.401275
0.4064
0.403838
0.405119
0.403838
0.399994
0.405119
0.403838
0.398713
0.403838
0.403838
0.397432
0.402556
0.401275
0.397432
0.401275
0.398713
0.401275
0.401275
0.394869
0.399994
0.398713
0.393588
0.401275
0.399994
0.393588
0.397432
0.397432
0.397432
0.397432
0.393588
0.398713
0.394869
0.391026
0.394869
0.39615
0.388463
0.394869
0.393588
0.389745
0.394869
0.391026
0.389745
0.392307
0.388463
0.392307
0.393588
0.387182
0.388463
0.392307
0.38462
0.391026
0.388463
0.389745
0.389745
0.387182
0.389745
0.389745
0.382058
0.388463
0.387182
0.380776
0.387182
0.385901
0.383339
0.385901
0.382058
0.387182
0.387182
0.380776
0.383339
0.38462
0.378214
0.385901
0.38462
0.378214
0.383339
0.380776
0.382058
0.383339
0.379495
0.380776
0.380776
0.376933
0.380776
0.380776
0.37437
0.379495
0.379495
0.37437
0.382058
0.376933
0.37437
0.376933
0.37437
0.378214
0.376933
0.371808
0.375652
0.376933
0.370527
0.376933
0.376933
0.367965
0.378214
0.371808
0.373089
0.373089
0.365402
0.369246
0.369246
0.366683
0.370527
0.367965
0.36284
0.367965
0.366683
0.361559
0.367965
0.369246
0.361559
0.365402
0.366683
0.360278
0.36284
0.365402
0.360278
0.365402
0.365402
0.357715
0.364121
0.364121
0.358996
0.364121
0.36284
0.364121
0.360278
0.361559
0.361559
0.36284
0.360278
0.36284
0.36284
0.356434
0.357715
0.361559
0.356434
0.361559
0.361559
0.353872
0.36284
0.360278
0.355153
0.360278
0.360278
0.361559
0.360278
0.357715
0.356434
0.360278
0.353872
0.358996
0.360278
0.353872
0.356434
0.357715
0.351309
0.356434
0.356434
0.348747
0.356434
0.355153
0.351309
0.353872
0.353872
0.356434
0.355153
0.35259
0.355153
0.356434
0.347466
0.35259
0.35259
0.347466
0.35259
0.35259
0.347466
0.353872
0.353872
0.346185
0.351309
0.347466
0.347466
0.351309
0.348747
0.347466
0.350028
0.347466
0.351309
0.35259
0.343622
0.350028
0.350028
0.344903
0.348747
0.350028
0.342341
0.348747
0.348747
0.343622
0.348747
0.346185
0.343622
0.346185
0.346185
0.346185
0.348747
0.343622
0.346185
0.347466
0.342341
0.346185
0.346185
0.339779
0.342341
0.347466
0.34106
0.344903
0.344903
0.337216
0.344903
0.346185
0.339779
0.344903
0.344903
0.337216
0.343622
0.344903
0.338498
0.343622
0.34106
0.339779
0.343622
0.339779
0.338498
0.342341
0.339779
0.337216
0.339779
0.342341
0.335935
0.342341
0.339779
0.34106
0.34106
0.337216
0.34106
0.337216
0.338498
0.337216
0.34106
0.337216
0.339779
0.339779
0.337216
0.339779
0.338498
0.334654
0.337216
0.339779
0.333373
0.338498
0.338498
0.333373
0.335935
0.338498
0.332092
0.335935
0.335935
0.329529
0.335935
0.335935
0.33081
0.334654
0.335935
0.329529
0.335935
0.333373
0.332092
0.334654
0.332092
0.335935
0.335935
0.333373
0.33081
0.335935
0.33081
0.334654
0.335935
0.332092
0.335935
0.334654
0.33081
0.333373
0.332092
0.329529
0.333373
0.333373
0.329529
0.334654
0.333373
0.328248
0.33081
0.333373
0.325686
0.333373
0.333373
0.326967
0.333373
0.332092
0.328248
0.33081
0.329529
0.325686
0.333373
0.329529
0.33081
0.332092
0.328248
0.326967
0.33081
0.329529
0.33081
0.33081
0.326967
0.33081
0.33081
0.328248
0.33081
0.33081
0.326967
0.33081
0.33081
0.325686
0.329529
0.329529
0.325686
0.33081
0.329529
0.324405
0.328248
0.329529
0.323123
0.328248
0.329529
0.324405
0.326967
0.328248
0.320561
0.328248
0.328248
0.321842
0.328248
0.329529
0.321842
0.328248
0.326967
0.320561
0.328248
0.326967
0.323123
0.328248
0.326967
0.326967
0.326967
0.324405
0.323123
0.326967
0.321842
0.325686
0.324405
0.323123
0.325686
0.325686
0.316718
0.324405
0.325686
0.31928
0.324405
0.324405
0.317999
0.325686
0.325686
0.317999
0.324405
0.324405
0.317999
0.324405
0.324405
0.316718
0.324405
0.321842
0.317999
0.323123
0.324405
0.316718
0.323123
0.321842
0.317999
0.323123
0.324405
0.321842
0.323123
0.320561
0.320561
0.324405
0.320561
0.320561
0.321842
0.321842
0.323123
0.321842
0.31928
0.321842
0.321842
0.317999
0.321842
0.323123
0.317999
0.321842
0.321842
0.317999
0.321842
0.321842
0.316718
0.320561
0.320561
0.314155
0.320561
0.323123
0.315436
0.320561
0.320561
0.314155
0.31928
0.320561
0.314155
0.320561
0.320561
0.315436
0.31928
0.320561
0.315436
0.31928
0.320561
0.314155
0.320561
0.31928
0.312874
0.320561
0.317999
0.311593
0.317999
0.31928
0.310312
0.317999
0.317999
0.311593
0.31928
0.31928
0.311593
0.317999
0.317999
0.310312
0.31928
0.317999
0.311593
0.316718
0.315436
0.311593
0.317999
0.314155
0.311593
0.317999
0.316718
0.312874
0.316718
0.317999
0.315436
0.317999
0.315436
0.316718
0.315436
0.315436
0.316718
0.317999
0.316718
0.316718
0.317999
0.312874
0.316718
0.316718
0.316718
0.316718
0.315436
0.314155
0.316718
0.317999
0.315436
0.315436
0.316718
0.312874
0.316718
0.315436
0.314155
0.315436
0.315436
0.315436
0.311593
0.315436
0.315436
0.30903
0.315436
0.314155
0.310312
0.315436
0.315436
0.30903
0.315436
0.311593
0.30903
0.315436
0.315436
0.30903
0.312874
0.314155
0.30903
0.312874
0.316718
0.307749
0.315436
0.314155
0.307749
0.314155
0.312874
0.307749
0.314155
0.314155
0.307749
0.312874
0.312874
0.30903
0.314155
0.314155
0.306468
0.312874
0.312874
0.307749
0.314155
0.314155
0.307749
0.314155
0.314155
0.30903
0.312874
0.311593
0.307749
0.312874
0.314155
0.30903
0.314155
0.312874
0.306468
0.312874
0.312874
0.305187
0.311593
0.311593
0.305187
0.312874
0.312874
0.306468
0.312874
0.312874
0.307749
0.312874
0.312874
0.305187
0.312874
0.311593
0.307749
0.315436
0.312874
0.306468
0.314155
0.315436
0.306468
0.311593
0.312874
0.306468
0.312874
0.311593
0.307749
0.312874
0.312874
0.307749
0.311593
0.312874
0.307749
0.311593
0.312874
0.305187
0.311593
0.311593
0.306468
0.312874
0.312874
0.306468
0.311593
0.311593
0.303906
0.310312
0.311593
0.303906
0.307749
0.311593
0.303906
0.312874
0.311593
0.305187
0.310312
0.310312
0.305187
0.311593
0.311593
0.305187
0.30903
0.310312
0.305187
0.311593
0.310312
0.303906
0.30903
0.310312
0.302625
0.310312
0.310312
0.306468
0.311593
0.311593
0.307749
0.310312
0.310312
0.2975
0.303906
0.305187
0.300062
0.305187
0.307749
0.301343
0.306468
0.307749
0.301343
0.30903
0.307749
0.301343
0.306468
0.310312
0.301343
0.306468
0.307749
0.301343
0.307749
0.307749
0.301343
0.30903
0.307749
0.302625
0.30903
0.30903
0.302625
0.30903
0.30903
0.305187
0.307749
0.307749
0.300062
0.307749
0.30903
0.301343
0.30903
0.307749
0.301343
0.305187
0.307749
0.300062
0.307749
0.305187
0.301343
0.306468
0.307749
0.301343
0.306468
0.306468
0.300062
0.306468
0.307749
0.301343
0.306468
0.307749
0.300062
0.306468
0.307749
0.301343
0.305187
0.306468
0.300062
0.303906
0.305187
0.298781
0.305187
0.303906
0.300062
0.305187
0.306468
0.301343
0.305187
0.306468
0.300062
0.306468
0.305187
0.300062
0.305187
0.306468
0.298781
0.305187
0.303906
0.300062
0.303906
0.306468
0.298781
0.303906
0.305187
0.300062
0.303906
0.305187
0.301343
0.306468
0.305187
0.303906
0.303906
0.305187
0.302625
0.305187
0.305187
0.303906
0.298781
0.305187
0.305187
0.300062
0.303906
0.305187
0.298781
0.303906
0.303906
0.2975
0.303906
0.305187
0.2975
0.305187
0.303906
0.301343
0.303906
0.305187
0.298781
0.305187
0.303906
0.301343
0.303906
0.305187
0.301343
0.303906
0.303906
0.301343
0.2975
0.302625
0.302625
0.305187
0.303906
0.302625
0.300062
0.303906
0.301343
0.298781
0.303906
0.305187
0.2975
0.302625
0.302625
0.2975
0.302625
0.303906
0.2975
0.303906
0.303906
0.2975
0.302625
0.302625
0.2975
0.303906
0.302625
0.2975
0.301343
0.302625
0.298781
0.303906
0.303906
0.2975
0.301343
0.303906
0.2975
0.302625
0.302625
0.298781
0.302625
0.302625
0.300062
0.302625
0.303906
0.298781
0.298781
0.303906
0.298781
0.301343
0.301343
0.301343
0.2975
0.301343
0.300062
0.296219
0.300062
0.300062
0.293656
0.301343
0.301343
0.294938
0.302625
0.301343
0.296219
0.301343
0.301343
0.294938
0.300062
0.300062
0.294938
0.301343
0.301343
0.296219
0.301343
0.302625
0.298781
0.2975
0.300062
0.298781
0.291094
0.301343
0.300062
0.294938
0.300062
0.300062
0.294938
0.300062
0.301343
0.293656
0.300062
0.298781
0.294938
0.300062
0.300062
0.296219
0.298781
0.300062
0.296219
0.301343
0.298781
0.2975
0.2975
0.300062
0.296219
0.298781
0.300062
0.298781
0.294938
0.298781
0.2975
0.293656
0.300062
0.300062
0.292375
0.298781
0.2975
0.294938
0.298781
0.300062
0.293656
0.298781
0.298781
0.292375
0.298781
0.298781
0.292375
0.300062
0.298781
0.293656
0.298781
0.298781
0.292375
0.2975
0.300062
0.292375
0.298781
0.300062
0.296219
0.300062
0.2975
0.296219
0.2975
0.298781
0.294938
0.298781
0.298781
0.298781
0.294938
0.298781
0.300062
0.293656
0.298781
0.2975
0.292375
0.298781
0.298781
0.291094
0.298781
0.298781
0.289813
0.2975
0.298781
0.296219
0.300062
0.298781
0.292375
0.2975
0.298781
0.293656
0.298781
0.2975
0.292375
0.2975
0.298781
0.294938
0.2975
0.2975
0.296219
0.2975
0.2975
0.293656
0.2975
0.298781
0.296219
0.298781
0.296219
0.2975
0.292375
0.298781
0.298781
0.293656
0.2975
0.298781
0.291094
0.298781
0.2975
0.293656
0.2975
0.2975
0.296219
0.296219
0.2975
0.2975
0.293656
0.298781
0.298781
0.292375
0.298781
0.298781
0.292375
0.300062
0.2975
0.293656
0.296219
0.298781
0.294938
0.293656
0.2975
0.298781
0.293656
0.298781
0.2975
0.292375
0.2975
0.2975
0.292375
0.2975
0.298781
0.293656
0.296219
0.298781
0.293656
0.298781
0.2975
0.296219
0.2975
0.298781
0.296219
0.291094
0.296219
0.2975
0.289813
0.294938
0.2975
0.291094
0.298781
0.2975
0.293656
0.2975
0.2975
0.296219
0.296219
0.2975
0.294938
0.2975
0.294938
0.296219
0.292375
0.2975
0.296219
0.291094
0.2975
0.2975
0.289813
0.296219
0.2975
0.292375
0.296219
0.2975
0.294938
0.293656
0.2975
0.296219
0.291094
0.2975
0.296219
0.292375
0.2975
0.2975
0.293656
0.2975
0.2975
0.294938
0.289813
0.296219
0.2975
0.291094
0.296219
0.292375
0.293656
0.292375
0.296219
0.294938
0.291094
0.2975
0.296219
0.289813
0.296219
0.2975
0.292375
0.292375
0.296219
0.2975
0.291094
0.2975
0.298781
0.291094
0.2975
0.296219
0.293656
0.296219
0.2975
0.2975
0.291094
0.298781
0.298781
0.296219
0.296219
0.2975
0.292375
0.291094
0.298781
0.296219
0.291094
0.2975
0.2975
0.294938
0.298781
0.298781
0.2975
0.291094
0.2975
0.2975
0.292375
0.2975
0.2975
0.293656
0.292375
0.298781
0.296219
0.291094
0.2975
0.2975
0.289813
0.296219
0.298781
0.293656
0.2975
0.298781
0.294938
0.2975
0.2975
0.2975
0.291094
0.298781
0.2975
0.293656
0.2975
0.298781
0.296219
0.300062
0.298781
0.298781
0.291094
0.298781
0.2975
0.293656
0.2975
0.298781
0.294938
0.296219
0.2975
0.296219
0.292375
0.296219
0.298781
0.292375
0.298781
0.300062
0.294938
0.296219
0.298781
0.300062
0.293656
0.2975
0.2975
0.294938
0.294938
0.2975
0.293656
0.291094
0.2975
0.298781
0.293656
0.298781
0.2975
0.296219
0.292375
0.298781
0.296219
0.291094
0.2975
0.2975
0.294938
0.2975
0.298781
0.296219
0.292375
0.2975
0.2975
0.293656
0.2975
0.298781
0.296219
0.298781
0.2975
0.298781
0.291094
0.296219
0.2975
0.292375
0.2975
0.298781
0.296219
0.292375
0.298781
0.301343
0.291094
0.2975
0.2975
0.294938
0.2975
0.2975
0.2975
0.292375
0.2975
0.298781
0.292375
0.296219
0.2975
0.292375
0.2975
0.298781
0.296219
0.2975
0.2975
0.298781
0.292375
0.298781
0.298781
0.294938
0.298781
0.300062
0.294938
0.298781
0.298781
0.296219
0.292375
0.300062
0.300062
0.293656
0.2975
0.298781
0.294938
0.296219
0.2975
0.296219
0.2975
0.298781
0.296219
0.293656
0.298781
0.2975
0.292375
0.2975
0.298781
0.294938
0.2975
0.298781
0.293656
0.2975
0.298781
0.2975
0.292375
0.298781
0.2975
0.292375
0.298781
0.298781
0.293656
0.2975
0.296219
0.298781
0.291094
0.298781
0.296219
0.289813
0.298781
0.298781
0.292375
0.298781
0.298781
0.294938
0.296219
0.300062
0.298781
0.291094
0.300062
0.298781
0.291094
0.298781
0.2975
0.292375
0.2975
0.300062
0.294938
0.294938
0.298781
0.298781
0.292375
0.2975
0.300062
0.292375
0.298781
0.2975
0.294938
0.298781
0.2975
0.296219
0.292375
0.2975
0.2975
0.292375
0.296219
0.2975
0.293656
0.2975
0.298781
0.296219
0.298781
0.2975
0.294938
0.2975
0.298781
0.296219
0.291094
0.298781
0.298781
0.293656
0.298781
0.300062
0.294938
0.294938
0.298781
0.298781
0.292375
0.298781
0.298781
0.294938
0.294938
0.298781
0.292375
0.300062
0.298781
0.2975
0.293656
0.301343
0.298781
0.292375
0.300062
0.300062
0.293656
0.2975
0.298781
0.296219
0.300062
0.298781
0.298781
0.292375
0.298781
0.300062
0.2975
0.300062
0.2975
0.298781
0.298781
0.300062
0.2975
0.294938
0.300062
0.300062
0.296219
0.300062
0.298781
0.296219
0.296219
0.298781
0.296219
0.293656
0.300062
0.298781
0.293656
0.301343
0.301343
0.296219
0.298781
0.300062
0.2975
0.300062
0.298781
0.298781
0.293656
0.298781
0.300062
0.293656
0.298781
0.298781
0.2975
0.2975
0.300062
0.298781
0.293656
0.301343
0.301343
0.294938
0.298781
0.300062
0.294938
0.298781
0.300062
0.298781
0.300062
0.298781
0.298781
0.293656
0.301343
0.300062
0.296219
0.298781
0.296219
0.2975
0.292375
0.300062
0.298781
0.293656
0.298781
0.302625
0.2975
0.300062
0.298781
0.2975
0.292375
0.300062
0.300062
0.293656
0.300062
0.300062
0.296219
0.298781
0.300062
0.300062
0.293656
0.301343
0.300062
0.294938
0.300062
0.300062
0.298781
0.294938
0.300062
0.300062
0.292375
0.301343
0.301343
0.298781
0.300062
0.300062
0.301343
0.293656
0.301343
0.300062
0.296219
0.300062
0.300062
0.300062
0.294938
0.300062
0.300062
0.293656
0.300062
0.302625
0.2975
0.300062
0.300062
0.2975
0.293656
0.300062
0.301343
0.293656
0.301343
0.301343
0.298781
0.2975
0.301343
0.300062
0.294938
0.301343
0.301343
0.294938
0.300062
0.301343
0.298781
0.2975
0.301343
0.298781
0.294938
0.301343
0.301343
0.294938
0.296219
0.300062
0.294938
0.301343
0.301343
0.2975
0.296219
0.300062
0.300062
0.292375
0.300062
0.302625
0.2975
0.300062
0.300062
0.300062
0.294938
0.300062
0.301343
0.2975
0.2975
0.302625
0.300062
0.296219
0.302625
0.301343
0.294938
0.301343
0.301343
0.2975
0.296219
0.300062
0.298781
0.293656
0.301343
0.301343
0.293656
0.301343
0.300062
0.298781
0.300062
0.300062
0.301343
0.294938
0.300062
0.301343
0.296219
0.301343
0.301343
0.2975
0.294938
0.300062
0.301343
0.293656
0.301343
0.300062
0.2975
0.300062
0.300062
0.301343
0.293656
0.300062
0.300062
0.2975
0.2975
0.301343
0.298781
0.294938
0.300062
0.300062
0.296219
0.300062
0.300062
0.2975
0.294938
0.298781
0.2975
0.293656
0.300062
0.301343
0.293656
0.300062
0.300062
0.298781
0.298781
0.300062
0.298781
0.294938
0.298781
0.300062
0.293656
0.301343
0.301343
0.2975
0.300062
0.300062
0.300062
0.293656
0.300062
0.300062
0.2975
0.296219
0.298781
0.298781
0.293656
0.300062
0.300062
0.2975
0.298781
0.300062
0.298781
0.293656
0.298781
0.300062
0.2975
0.296219
0.300062
0.300062
0.292375
0.301343
0.301343
0.296219
0.296219
0.300062
0.296219
0.294938
0.300062
0.300062
0.294938
0.300062
0.298781
0.301343
0.293656
0.298781
0.300062
0.296219
0.301343
0.300062
0.298781
0.300062
0.300062
0.298781
0.293656
0.300062
0.300062
0.2975
0.298781
0.301343
0.300062
0.293656
0.300062
0.300062
0.294938
0.296219
0.298781
0.300062
0.294938
0.301343
0.300062
0.2975
0.294938
0.2975
0.298781
0.293656
0.301343
0.300062
0.2975
0.2975
0.300062
0.298781
0.294938
0.301343
0.300062
0.293656
0.298781
0.301343
0.298781
0.293656
0.300062
0.300062
0.294938
0.301343
0.301343
0.296219
0.296219
0.298781
0.301343
0.293656
0.300062
0.301343
0.298781
0.300062
0.298781
0.2975
0.293656
0.298781
0.298781
0.294938
0.300062
0.300062
0.2975
0.300062
0.300062
0.301343
0.292375
0.298781
0.300062
0.296219
0.300062
0.300062
0.300062
0.293656
0.300062
0.298781
0.294938
0.301343
0.298781
0.298781
0.292375
0.300062
0.300062
0.294938
0.300062
0.301343
0.298781
0.300062
0.298781
0.296219
0.294938
0.298781
0.300062
0.293656
0.300062
0.2975
0.298781
0.301343
0.300062
0.300062
0.293656
0.301343
0.2975
0.294938
0.300062
0.301343
0.2975
0.2975
0.301343
0.298781
0.294938
0.300062
0.301343
0.292375
0.300062
0.302625
0.298781
0.298781
0.301343
0.300062
0.293656
0.300062
0.298781
0.294938
0.298781
0.300062
0.2975
0.294938
0.300062
0.301343
0.293656
0.298781
0.300062
0.294938
0.298781
0.300062
0.298781
0.293656
0.301343
0.301343
0.296219
0.302625
0.2975
0.292375
0.289813
0.293656
0.303906
0.288532
0.285969
0.284688
0.288532
0.294938
0.293656
0.293656
0.288532
0.293656
0.293656
0.285969
0.292375
0.293656
0.289813
0.294938
0.293656
0.293656
0.28725
0.293656
0.293656
0.289813
0.292375
0.293656
0.293656
0.28725
0.293656
0.298781
0.288532
0.289813
0.294938
0.289813
0.284688
0.278282
0.280845
0.26547
0.261627
0.266752
0.26547
0.262908
0.260346
0.257783
0.24369
0.251377
0.250096
0.247534
0.244972
0.251377
0.244972
0.239847
0.244972
0.24369
0.238566
0.239847
0.241128
0.237285
0.239847
0.238566
0.236003
0.23216
0.238566
0.238566
0.23216
0.237285
0.236003
0.233441
0.237285
0.238566
0.236003
0.229597
0.23216
0.230879
0.227035
0.229597
0.230879
0.228316
0.228316
0.229597
0.229597
0.22191
0.229597
0.228316
0.220629
0.228316
0.228316
0.227035
0.22191
0.227035
0.225754
0.220629
0.225754
0.225754
0.22191
0.22191
0.224473
0.223192
0.219348
0.223192
0.223192
0.219348
0.224473
0.223192
0.22191
0.223192
0.223192
0.223192
0.219348
0.224473
0.206536
0.206536
0.220629
0.224473
0.220629
0.218067
0.223192
0.22191
0.214223
0.22191
0.223192
0.219348
0.216786
0.22191
0.22191
0.216786
0.22191
0.22191
0.216786
0.223192
0.22191
0.219348
0.216786
0.22191
0.219348
0.215505
0.219348
0.220629
0.214223
0.219348
0.22191
0.219348
0.22191
0.219348
0.218067
0.214223
0.220629
0.22191
0.214223
0.219348
0.219348
0.218067
0.219348
0.219348
0.218067
0.212942
0.218067
0.219348
0.214223
0.219348
0.219348
0.216786
0.216786
0.219348
0.219348
0.211661
0.216786
0.214223
0.214223
0.215505
0.218067
0.215505
0.212942
0.219348
0.219348
0.212942
0.216786
0.218067
0.214223
0.218067
0.219348
0.216786
0.211661
0.218067
0.218067
0.212942
0.215505
0.215505
0.214223
0.21038
0.216786
0.216786
0.21038
0.216786
0.215505
0.214223
0.212942
0.218067
0.215505
0.215505
0.220629
0.220629
0.211661
0.212942
0.212942
0.21038
0.203974
0.21038
0.21038
0.203974
0.209099
0.209099
0.206536
0.207817
0.209099
0.205255
0.201412
0.207817
0.205255
0.201412
0.203974
0.206536
0.202693
0.198849
0.205255
0.205255
0.197568
0.203974
0.203974
0.20013
0.202693
0.201412
0.203974
0.196287
0.201412
0.201412
0.198849
0.201412
0.202693
0.202693
0.193725
0.201412
0.201412
0.198849
0.20013
0.20013
0.201412
0.193725
0.201412
0.201412
0.196287
0.196287
0.20013
0.196287
0.192443
0.197568
0.20013
0.195006
0.195006
0.198849
0.196287
0.192443
0.198849
0.197568
0.193725
0.197568
0.197568
0.196287
0.191162
0.197568
0.196287
0.189881
0.196287
0.196287
0.193725
0.195006
0.196287
0.193725
0.186037
0.195006
0.195006
0.192443
0.195006
0.201412
0.203974
0.209099
0.218067
0.22191
0.212942
0.216786
0.214223
0.212942
0.207817
0.214223
0.214223
0.209099
0.215505
0.216786
0.211661
0.214223
0.215505
0.214223
0.211661
0.215505
0.214223
0.21038
0.215505
0.215505
0.21038
0.214223
0.214223
0.211661
0.214223
0.215505
0.212942
0.207817
0.214223
0.214223
0.206536
0.214223
0.214223
0.207817
0.212942
0.212942
0.211661
0.212942
0.214223
0.212942
0.206536
0.211661
0.211661
0.206536
0.211661
0.212942
0.21038
0.209099
0.212942
0.21038
0.206536
0.211661
0.212942
0.209099
0.229597
0.228316
0.216786
0.22191
0.219348
0.214223
0.219348
0.219348
0.215505
0.216786
0.216786
0.219348
0.212942
0.218067
0.219348
0.211661
0.215505
0.218067
0.211661
0.218067
0.218067
0.212942
0.216786
0.212942
0.215505
0.212942
0.216786
0.214223
0.205255
0.21038
0.21038
0.206536
0.211661
0.21038
0.206536
0.209099
0.211661
0.21038
0.205255
0.211661
0.211661
0.206536
0.219348
0.215505
0.193725
0.195006
0.195006
0.193725
0.193725
0.192443
0.193725
0.189881
0.195006
0.195006
0.191162
0.195006
0.195006
0.195006
0.189881
0.195006
0.195006
0.189881
0.196287
0.196287
0.192443
0.196287
0.201412
0.20013
0.195006
0.20013
0.201412
0.195006
0.20013
0.20013
0.20013
0.196287
0.20013
0.201412
0.192443
0.20013
0.198849
0.196287
0.195006
0.198849
0.202693
0.195006
0.203974
0.212942
0.216786
0.227035
0.228316
0.233441
0.230879
0.242409
0.250096
0.246253
0.248815
0.260346
0.262908
0.264189
0.270595
0.269314
0.264189
0.271876
0.273158
0.270595
0.274439
0.271876
0.271876
0.26547
0.274439
0.273158
0.268033
0.271876
0.273158
0.270595
0.266752
0.271876
0.270595
0.266752
0.270595
0.271876
0.266752
0.271876
0.270595
0.271876
0.264189
0.271876
0.270595
0.268033
0.270595
0.270595
0.269314
0.264189
0.271876
0.271876
0.266752
0.271876
0.271876
0.271876
0.26547
0.271876
0.273158
0.266752
0.271876
0.273158
0.270595
0.269314
0.27572
0.27572
0.270595
0.277001
0.278282
0.273158
0.27572
0.27572
0.274439
0.269314
0.277001
0.274439
0.270595
0.274439
0.274439
0.273158
0.268033
0.274439
0.274439
0.270595
0.273158
0.273158
0.271876
0.268033
0.271876
0.273158
0.268033
0.271876
0.270595
0.271876
0.266752
0.271876
0.271876
0.268033
0.271876
0.274439
0.270595
0.26547
0.270595
0.271876
0.26547
0.270595
0.269314
0.268033
0.270595
0.271876
0.271876
0.26547
0.271876
0.273158
0.269314
0.271876
0.273158
0.270595
0.268033
0.271876
0.271876
0.26547
0.270595
0.271876
0.268033
0.270595
0.270595
0.270595
0.264189
0.270595
0.273158
0.268033
0.269314
0.271876
0.269314
0.266752
0.271876
0.270595
0.26547
0.270595
0.269314
0.268033
0.264189
0.270595
0.271876
0.264189
0.269314
0.270595
0.268033
0.266752
0.270595
0.270595
0.264189
0.270595
0.270595
0.26547
0.26547
0.268033
0.268033
0.261627
0.269314
0.269314
0.264189
0.268033
0.26547
0.266752
0.260346
0.266752
0.266752
0.261627
0.266752
0.266752
0.261627
0.261627
0.266752
0.266752
0.260346
0.266752
0.26547
0.264189
0.26547
0.26547
0.26547
0.260346
0.264189
0.26547
0.262908
0.261627
0.264189
0.264189
0.259065
0.26547
0.260346
0.26547
0.260346
0.264189
0.264189
0.260346
0.264189
0.26547
0.262908
0.257783
0.264189
0.264189
0.261627
0.264189
0.264189
0.262908
0.257783
0.264189
0.264189
0.256502
0.261627
0.262908
0.259065
0.262908
0.262908
0.262908
0.257783
0.261627
0.262908
0.260346
0.262908
0.261627
0.262908
0.255221
0.262908
0.261627
0.260346
0.262908
0.261627
0.262908
0.257783
0.264189
0.26547
0.261627
0.26547
0.26547
0.26547
0.260346
0.266752
0.26547
0.261627
0.264189
0.264189
0.262908
0.259065
0.264189
0.264189
0.259065
0.266752
0.266752
0.260346
0.260346
0.262908
0.252659
0.24369
0.244972
0.236003
0.236003
0.236003
0.236003
0.23216
0.224473
0.228316
0.228316
0.219348
0.225754
0.223192
0.215505
0.220629
0.220629
0.218067
0.219348
0.219348
0.219348
0.214223
0.220629
0.223192
0.216786
0.224473
0.225754
0.22191
0.228316
0.229597
0.225754
0.223192
0.225754
0.22191
0.219348
0.224473
0.223192
0.219348
0.225754
0.225754
0.22191
0.224473
0.227035
0.224473
0.22191
0.225754
0.225754
0.219348
0.225754
0.225754
0.224473
0.225754
0.227035
0.225754
0.220629
0.224473
0.225754
0.220629
0.220629
0.224473
0.227035
0.220629
0.228316
0.224473
0.22191
0.225754
0.225754
0.223192
0.219348
0.228316
0.225754
0.219348
0.224473
0.224473
0.223192
0.219348
0.228316
0.230879
0.228316
0.234722
0.236003
0.241128
0.261627
0.261627
0.259065
0.26547
0.268033
0.266752
0.262908
0.256502
0.261627
0.260346
0.257783
0.260346
0.257783
0.257783
0.255221
0.261627
0.259065
0.252659
0.256502
0.259065
0.262908
0.260346
0.277001
0.283407
0.282126
0.283407
0.289813
0.285969
0.282126
0.291094
0.298781
0.296219
0.300062
0.298781
0.2975
0.291094
0.296219
0.294938
0.292375
0.293656
0.292375
0.292375
0.285969
0.292375
0.2975
0.306468
0.306468
0.307749
0.305187
0.2975
0.305187
0.307749
0.310312
0.321842
0.328248
0.324405
0.333373
0.339779
0.343622
0.338498
0.347466
0.356434
0.351309
0.356434
0.360278
0.357715
0.355153
0.360278
0.360278
0.358996
0.365402
0.36284
0.361559
0.358996
0.35259
0.344903
0.343622
0.353872
0.35259
0.350028
0.347466
0.350028
0.350028
0.347466
0.366683
0.375652
0.373089
0.376933
0.37437
0.370527
0.378214
0.379495
0.379495
0.373089
0.380776
0.378214
0.371808
0.358996
0.356434
0.35259
0.348747
0.35259
0.353872
0.350028
0.347466
0.351309
0.350028
0.343622
0.351309
0.356434
0.344903
0.334654
0.334654
0.338498
0.332092
0.338498
0.335935
0.33081
0.337216
0.337216
0.335935
0.332092
0.35259
0.350028
0.351309
0.365402
0.373089
0.38462
0.389745
0.398713
0.397432
0.389745
0.388463
0.388463
0.387182
0.38462
0.394869
0.402556
0.39615
0.398713
0.397432
0.398713
0.405119
0.410243
0.405119
0.39615
0.397432
0.398713
0.405119
0.397432
0.403838
0.405119
0.397432
0.397432
0.39615
0.389745
0.385901
0.391026
0.389745
0.389745
0.397432
0.411525
0.433305
0.447398
0.478146
0.501207
0.522987
0.529393
0.530674
0.52683
0.517862
0.514019
0.507613
0.496082
0.492239
0.492239
0.488395
0.480708
0.48327
0.480708
0.478146
0.478146
0.476865
0.475583
0.470459
0.476865
0.476865
0.474302
0.470459
0.473021
0.47174
0.466615
0.47174
0.473021
0.481989
0.479427
0.487114
0.488395
0.481989
0.481989
0.475583
0.469178
0.473021
0.460209
0.458928
0.448679
0.455085
0.444835
0.438429
0.432023
0.434586
0.434586
0.42818
0.432023
0.429461
0.426899
0.419212
0.425618
0.424336
0.420493
0.433305
0.444835
0.456366
0.466615
0.475583
0.478146
0.476865
0.480708
0.487114
0.480708
0.47174
0.47174
0.492239
0.474302
0.475583
0.466615
0.507613
0.46149
0.47174
0.481989
0.508894
0.542205
0.594733
0.619075
0.639574
0.661354
0.669041
0.662635
0.666479
0.678009
0.692102
0.692102
0.68954
0.686978
0.679291
0.663916
0.660073
0.653667
0.649823
0.644699
0.64598
0.644699
0.638293
0.637012
0.634449
0.633168
0.630606
0.633168
0.630606
0.626762
0.622919
0.622919
0.6242
0.621638
0.617794
0.620356
0.620356
0.617794
0.621638
0.629325
0.630606
0.626762
0.630606
0.630606
0.625481
0.620356
0.620356
0.617794
0.611388
0.613951
0.612669
0.608826
0.601139
0.60242
0.604982
0.601139
0.606263
0.606263
0.603701
0.597295
0.598576
0.597295
0.594733
0.588327
0.588327
0.588327
0.583202
0.58064
0.583202
0.581921
0.575515
0.572953
0.576796
0.575515
0.569109
0.571672
0.574234
0.575515
0.569109
0.572953
0.571672
0.566547
0.566547
0.567828
0.563985
0.55886
0.562703
0.561422
0.557579
0.557579
0.556298
0.552454
0.548611
0.555016
0.557579
0.556298
0.55886
0.566547
0.572953
0.574234
0.579359
0.579359
0.575515
0.570391
0.570391
0.567828
0.560141
0.560141
0.55886
0.557579
0.549892
0.552454
0.551173
0.544767
0.543486
0.546048
0.543486
0.53708
0.539642
0.535799
0.535799
0.530674
0.533236
0.538361
0.538361
0.548611
0.556298
0.565266
0.566547
0.581921
0.584483
0.583202
0.587046
0.587046
0.581921
0.575515
0.576796
0.575515
0.569109
0.569109
0.566547
0.562703
0.561422
0.561422
0.562703
0.556298
0.561422
0.560141
0.555016
0.553735
0.555016
0.553735
0.547329
0.547329
0.549892
0.544767
0.539642
0.544767
0.543486
0.540923
0.539642
0.542205
0.539642
0.531955
0.53708
0.533236
0.530674
0.525549
0.528112
0.528112
0.521706
0.524268
0.522987
0.519143
0.514019
0.517862
0.5153
0.512738
0.512738
0.510175
0.510175
0.502488
0.506332
0.50505
0.501207
0.496082
0.501207
0.503769
0.510175
0.524268
0.557579
0.58064
0.593452
0.611388
0.622919
0.630606
0.626762
0.629325
0.625481
0.617794
0.616513
0.612669
0.608826
0.601139
0.603701
0.606263
0.60242
0.599858
0.607545
0.607545
0.603701
0.603701
0.60242
0.596014
0.589608
0.592171
0.589608
0.584483
0.581921
0.581921
0.579359
0.570391
0.574234
0.571672
0.569109
0.563985
0.566547
0.561422
0.557579
0.556298
0.557579
0.555016
0.548611
0.552454
0.549892
0.542205
0.543486
0.543486
0.542205
0.535799
0.535799
0.53708
0.534518
0.529393
0.535799
0.535799
0.534518
0.530674
0.534518
0.531955
0.52683
0.522987
0.52683
0.524268
0.519143
0.521706
0.519143
0.517862
0.512738
0.516581
0.514019
0.511456
0.506332
0.510175
0.508894
0.503769
0.506332
0.503769
0.503769
0.497363
0.501207
0.499926
0.497363
0.490958
0.497363
0.497363
0.494801
0.490958
0.494801
0.49352
0.489676
0.492239
0.490958
0.488395
0.479427
0.485833
0.485833
0.481989
0.476865
0.481989
0.481989
0.478146
0.474302
0.476865
0.474302
0.467896
0.473021
0.474302
0.476865
0.479427
0.50505
0.524268
0.547329
0.565266
0.578078
0.579359
0.571672
0.570391
0.566547
0.562703
0.553735
0.551173
0.552454
0.548611
0.543486
0.540923
0.542205
0.53708
0.533236
0.535799
0.534518
0.530674
0.528112
0.529393
0.528112
0.525549
0.522987
0.524268
0.519143
0.514019
0.516581
0.514019
0.512738
0.506332
0.511456
0.508894
0.507613
0.502488
0.506332
0.502488
0.501207
0.501207
0.499926
0.498645
0.492239
0.494801
0.49352
0.490958
0.488395
0.490958
0.489676
0.487114
0.481989
0.487114
0.487114
0.48327
0.48327
0.481989
0.484552
0.475583
0.479427
0.476865
0.476865
0.470459
0.474302
0.473021
0.47174
0.467896
0.47174
0.470459
0.467896
0.470459
0.467896
0.467896
0.462772
0.466615
0.466615
0.464053
0.458928
0.466615
0.464053
0.46149
0.458928
0.464053
0.464053
0.458928
0.458928
0.46149
0.460209
0.452522
0.456366
0.455085
0.453803
0.447398
0.451241
0.451241
0.447398
0.451241
0.451241
0.453803
0.453803
0.462772
0.476865
0.479427
0.484552
0.498645
0.503769
0.499926
0.498645
0.497363
0.494801
0.489676
0.488395
0.489676
0.489676
0.480708
0.48327
0.481989
0.480708
0.475583
0.479427
0.478146
0.475583
0.470459
0.473021
0.473021
0.467896
0.470459
0.470459
0.467896
0.46149
0.467896
0.465334
0.462772
0.458928
0.464053
0.462772
0.458928
0.458928
0.46149
0.457647
0.452522
0.457647
0.455085
0.452522
0.448679
0.455085
0.453803
0.455085
0.453803
0.469178
0.48327
0.497363
0.507613
0.524268
0.530674
0.52683
0.528112
0.528112
0.525549
0.516581
0.517862
0.517862
0.516581
0.507613
0.510175
0.508894
0.507613
0.502488
0.50505
0.503769
0.501207
0.499926
0.506332
0.506332
0.499926
0.497363
0.501207
0.499926
0.496082
0.492239
0.496082
0.49352
0.487114
0.490958
0.490958
0.490958
0.481989
0.485833
0.484552
0.481989
0.476865
0.48327
0.480708
0.481989
0.476865
0.48327
0.480708
0.476865
0.478146
0.479427
0.478146
0.470459
0.474302
0.47174
0.47174
0.462772
0.470459
0.469178
0.466615
0.466615
0.466615
0.465334
0.458928
0.464053
0.460209
0.46149
0.455085
0.458928
0.457647
0.456366
0.456366
0.456366
0.455085
0.451241
0.452522
0.452522
0.455085
0.444835
0.452522
0.452522
0.447398
0.444835
0.448679
0.44996
0.443554
0.446116
0.446116
0.442273
0.43971
0.443554
0.443554
0.443554
0.443554
0.443554
0.444835
0.438429
0.437148
0.438429
0.440992
0.434586
0.437148
0.438429
0.432023
0.434586
0.434586
0.432023
0.433305
0.430742
0.433305
0.435867
0.429461
0.430742
0.432023
0.433305
0.425618
0.430742
0.435867
0.426899
0.425618
0.424336
0.429461
0.426899
0.424336
0.430742
0.429461
0.41793
0.426899
0.429461
0.425618
0.420493
0.425618
0.424336
0.420493
0.423055
0.423055
0.423055
0.41793
0.423055
0.421774
0.421774
0.415368
0.420493
0.421774
0.419212
0.415368
0.419212
0.419212
0.415368
0.41793
0.41793
0.41793
0.412806
0.410243
0.416649
0.415368
0.408962
0.412806
0.414087
0.411525
0.4064
0.412806
0.411525
0.408962
0.407681
0.411525
0.410243
0.405119
0.4064
0.411525
0.410243
0.403838
0.410243
0.408962
0.4064
0.401275
0.410243
0.407681
0.4064
0.402556
0.407681
0.407681
0.405119
0.402556
0.407681
0.403838
0.401275
0.405119
0.405119
0.403838
0.399994
0.403838
0.405119
0.402556
0.397432
0.402556
0.402556
0.398713
0.397432
0.402556
0.401275
0.394869
0.399994
0.399994
0.397432
0.393588
0.398713
0.398713
0.394869
0.393588
0.398713
0.398713
0.392307
0.394869
0.39615
0.397432
0.391026
0.393588
0.394869
0.393588
0.388463
0.392307
0.397432
0.393588
0.388463
0.392307
0.393588
0.389745
0.388463
0.389745
0.389745
0.383339
0.388463
0.388463
0.388463
0.38462
0.387182
0.387182
0.383339
0.383339
0.388463
0.385901
0.380776
0.38462
0.388463
0.383339
0.376933
0.383339
0.385901
0.380776
0.383339
0.380776
0.382058
0.376933
0.382058
0.382058
0.380776
0.375652
0.385901
0.382058
0.378214
0.378214
0.383339
0.378214
0.371808
0.373089
0.379495
0.376933
0.373089
0.378214
0.378214
0.37437
0.37437
0.376933
0.376933
0.370527
0.375652
0.375652
0.37437
0.371808
0.376933
0.375652
0.373089
0.37437
0.375652
0.371808
0.367965
0.373089
0.37437
0.369246
0.365402
0.371808
0.37437
0.367965
0.367965
0.370527
0.369246
0.364121
0.369246
0.367965
0.366683
0.36284
0.369246
0.367965
0.366683
0.367965
0.366683
0.366683
0.36284
0.367965
0.367965
0.365402
0.360278
0.366683
0.366683
0.371808
0.360278
0.364121
0.366683
0.358996
0.367965
0.369246
0.365402
0.360278
0.366683
0.365402
0.360278
0.367965
0.365402
0.364121
0.358996
0.364121
0.364121
0.360278
0.36284
0.364121
0.365402
0.36284
0.353872
0.364121
0.364121
0.353872
0.36284
0.358996
0.361559
0.356434
0.364121
0.364121
0.36284
0.356434
0.356434
0.365402
0.361559
0.353872
0.358996
0.360278
0.357715
0.360278
0.360278
0.360278
0.356434
0.355153
0.358996
0.358996
0.353872
0.361559
0.361559
0.358996
0.357715
0.364121
0.364121
0.361559
0.357715
0.36284
0.36284
0.358996
0.360278
0.364121
0.36284
0.356434
0.36284
0.364121
0.358996
0.355153
0.36284
0.36284
0.358996
0.35259
0.36284
0.361559
0.357715
0.357715
0.365402
0.361559
0.356434
0.361559
0.36284
0.360278
0.355153
0.361559
0.36284
0.357715
0.364121
0.361559
0.361559
0.357715
0.360278
0.364121
0.358996
0.35259
0.357715
0.360278
0.357715
0.358996
0.360278
0.360278
0.353872
0.357715
0.357715
0.358996
0.35259
0.357715
0.357715
0.356434
0.35259
0.351309
0.357715
0.355153
0.356434
0.356434
0.355153
0.35259
0.356434
0.356434
0.356434
0.351309
0.358996
0.356434
0.35259
0.351309
0.358996
0.357715
0.347466
0.358996
0.353872
0.356434
0.350028
0.353872
0.357715
0.351309
0.346185
0.356434
0.355153
0.351309
0.351309
0.353872
0.355153
0.350028
0.353872
0.353872
0.353872
0.347466
0.355153
0.351309
0.35259
0.350028
0.353872
0.353872
0.351309
0.353872
0.355153
0.355153
0.347466
0.355153
0.355153
0.353872
0.350028
0.353872
0.353872
0.351309
0.353872
0.355153
0.353872
0.350028
0.351309
0.353872
0.35259
0.347466
0.353872
0.350028
0.351309
0.347466
0.35259
0.353872
0.350028
0.347466
0.353872
0.35259
0.348747
0.35259
0.353872
0.35259
0.347466
0.35259
0.35259
0.347466
0.346185
0.350028
0.35259
0.350028
0.348747
0.351309
0.35259
0.348747
0.347466
0.351309
0.351309
0.346185
0.351309
0.351309
0.348747
0.344903
0.350028
0.351309
0.350028
0.350028
0.350028
0.351309
0.344903
0.350028
0.351309
0.348747
0.344903
0.351309
0.351309
0.348747
0.350028
0.351309
0.350028
0.346185
0.350028
0.348747
0.348747
0.344903
0.351309
0.351309
0.350028
0.344903
0.350028
0.348747
0.346185
0.346185
0.351309
0.350028
0.343622
0.348747
0.348747
0.350028
0.343622
0.350028
0.348747
0.347466
0.348747
0.350028
0.348747
0.347466
0.346185
0.348747
0.348747
0.343622
0.350028
0.347466
0.350028
0.343622
0.350028
0.348747
0.350028
0.344903
0.348747
0.348747
0.347466
0.350028
0.350028
0.351309
0.347466
0.343622
0.348747
0.350028
0.343622
0.350028
0.350028
0.347466
0.343622
0.348747
0.348747
0.347466
0.346185
0.350028
0.350028
0.344903
0.344903
0.350028
0.348747
0.343622
0.347466
0.347466
0.348747
0.343622
0.348747
0.347466
0.346185
0.348747
0.350028
0.348747
0.344903
0.343622
0.350028
0.348747
0.342341
0.348747
0.348747
0.348747
0.343622
0.350028
0.350028
0.344903
0.346185
0.347466
0.346185
0.342341
0.348747
0.347466
0.346185
0.34106
0.348747
0.347466
0.344903
0.347466
0.347466
0.346185
0.342341
0.346185
0.346185
0.346185
0.34106
0.348747
0.347466
0.346185
0.342341
0.347466
0.346185
0.343622
0.343622
0.347466
0.346185
0.34106
0.347466
0.348747
0.344903
0.34106
0.346185
0.343622
0.343622
0.342341
0.347466
0.343622
0.34106
0.346185
0.346185
0.343622
0.34106
0.344903
0.346185
0.342341
0.342341
0.344903
0.347466
0.339779
0.346185
0.346185
0.343622
0.338498
0.344903
0.346185
0.34106
0.34106
0.346185
0.344903
0.339779
0.344903
0.346185
0.343622
0.339779
0.346185
0.344903
0.342341
0.344903
0.344903
0.346185
0.339779
0.346185
0.346185
0.342341
0.339779
0.346185
0.344903
0.34106
0.346185
0.346185
0.344903
0.339779
0.344903
0.344903
0.342341
0.339779
0.346185
0.344903
0.339779
0.342341
0.346185
0.346185
0.339779
0.346185
0.347466
0.343622
0.34106
0.347466
0.344903
0.343622
0.342341
0.344903
0.344903
0.342341
0.346185
0.346185
0.344903
0.338498
0.344903
0.343622
0.342341
0.337216
0.344903
0.343622
0.343622
0.339779
0.343622
0.343622
0.34106
0.339779
0.346185
0.344903
0.34106
0.34106
0.344903
0.346185
0.343622
0.344903
0.343622
0.343622
0.34106
0.344903
0.344903
0.343622
0.338498
0.344903
0.344903
0.343622
0.339779
0.343622
0.342341
0.343622
0.34106
0.344903
0.343622
0.34106
0.343622
0.344903
0.344903
0.339779
0.344903
0.344903
0.342341
0.338498
0.343622
0.344903
0.342341
0.34106
0.344903
0.347466
0.34106
0.343622
0.343622
0.344903
0.338498
0.344903
0.346185
0.34106
0.344903
0.343622
0.344903
0.338498
0.343622
0.343622
0.343622
0.338498
0.344903
0.346185
0.339779
0.344903
0.343622
0.344903
0.338498
0.343622
0.343622
0.34106
0.338498
0.344903
0.343622
0.34106
0.343622
0.343622
0.344903
0.339779
0.343622
0.344903
0.342341
0.338498
0.343622
0.343622
0.34106
0.343622
0.344903
0.346185
0.339779
0.343622
0.343622
0.343622
0.337216
0.343622
0.343622
0.342341
0.343622
0.343622
0.343622
0.339779
0.343622
0.343622
0.342341
0.338498
0.343622
0.344903
0.342341
0.339779
0.344903
0.344903
0.34106
0.34106
0.343622
0.344903
0.334654
0.344903
0.343622
0.343622
0.343622
0.348747
0.344903
0.31928
0.314155
0.310312
0.317999
0.315436
0.31928
0.320561
0.321842
0.31928
0.324405
0.332092
0.329529
0.332092
0.333373
0.334654
0.328248
0.334654
0.332092
0.329529
0.328248
0.332092
0.332092
0.324405
0.323123
0.329529
0.333373
0.326967
0.333373
0.333373
0.33081
0.326967
0.332092
0.332092
0.329529
0.329529
0.33081
0.333373
0.326967
0.333373
0.33081
0.329529
0.33081
0.332092
0.33081
0.325686
0.332092
0.33081
0.329529
0.326967
0.332092
0.332092
0.329529
0.326967
0.33081
0.333373
0.326967
0.332092
0.333373
0.333373
0.328248
0.333373
0.334654
0.332092
0.333373
0.334654
0.333373
0.328248
0.333373
0.332092
0.332092
0.328248
0.333373
0.333373
0.329529
0.328248
0.332092
0.332092
0.326967
0.332092
0.33081
0.329529
0.328248
0.333373
0.333373
0.328248
0.332092
0.333373
0.332092
0.326967
0.333373
0.333373
0.33081
0.333373
0.332092
0.333373
0.326967
0.332092
0.332092
0.33081
0.332092
0.332092
0.33081
0.326967
0.33081
0.33081
0.33081
0.326967
0.33081
0.33081
0.326967
0.332092
0.33081
0.329529
0.325686
0.332092
0.33081
0.329529
0.326967
0.33081
0.328248
0.326967
0.329529
0.33081
0.329529
0.324405
0.329529
0.33081
0.328248
0.326967
0.329529
0.332092
0.326967
0.329529
0.329529
0.329529
0.324405
0.328248
0.329529
0.326967
0.324405
0.329529
0.329529
0.326967
0.325686
0.329529
0.329529
0.324405
0.328248
0.329529
0.326967
0.325686
0.329529
0.328248
0.323123
0.326967
0.326967
0.326967
0.320561
0.326967
0.328248
0.324405
0.321842
0.326967
0.325686
0.323123
0.325686
0.325686
0.325686
0.321842
0.325686
0.326967
0.325686
0.320561
0.326967
0.325686
0.324405
0.321842
0.325686
0.323123
0.321842
0.324405
0.325686
0.325686
0.321842
0.324405
0.324405
0.325686
0.317999
0.324405
0.323123
0.321842
0.324405
0.324405
0.324405
0.320561
0.324405
0.324405
0.323123
0.31928
0.321842
0.323123
0.323123
0.320561
0.323123
0.323123
0.321842
0.31928
0.323123
0.323123
0.31928
0.323123
0.323123
0.320561
0.323123
0.324405
0.324405
0.316718
0.324405
0.324405
0.323123
0.317999
0.323123
0.321842
0.31928
0.31928
0.321842
0.321842
0.315436
0.323123
0.321842
0.323123
0.317999
0.321842
0.321842
0.31928
0.316718
0.321842
0.321842
0.316718
0.316718
0.321842
0.321842
0.315436
0.320561
0.31928
0.320561
0.314155
0.320561
0.320561
0.317999
0.320561
0.320561
0.321842
0.316718
0.31928
0.320561
0.316718
0.315436
0.31928
0.31928
0.316718
0.320561
0.317999
0.320561
0.315436
0.320561
0.31928
0.317999
0.312874
0.31928
0.31928
0.315436
0.31928
0.31928
0.320561
0.314155
0.31928
0.317999
0.317999
0.312874
0.320561
0.31928
0.315436
0.315436
0.31928
0.31928
0.314155
0.31928
0.317999
0.316718
0.314155
0.317999
0.317999
0.314155
0.31928
0.316718
0.317999
0.312874
0.317999
0.316718
0.315436
0.314155
0.317999
0.317999
0.314155
0.317999
0.317999
0.317999
0.312874
0.317999
0.316718
0.314155
0.314155
0.316718
0.317999
0.315436
0.316718
0.316718
0.31928
0.314155
0.314155
0.315436
0.315436
0.311593
0.316718
0.316718
0.315436
0.311593
0.315436
0.316718
0.316718
0.311593
0.316718
0.315436
0.314155
0.315436
0.31928
0.315436
0.312874
0.311593
0.316718
0.316718
0.310312
0.314155
0.316718
0.316718
0.311593
0.314155
0.315436
0.312874
0.310312
0.315436
0.316718
0.312874
0.314155
0.315436
0.315436
0.310312
0.315436
0.312874
0.311593
0.307749
0.315436
0.315436
0.311593
0.310312
0.314155
0.314155
0.311593
0.310312
0.315436
0.314155
0.311593
0.314155
0.314155
0.314155
0.310312
0.312874
0.315436
0.314155
0.30903
0.312874
0.312874
0.312874
0.30903
0.312874
0.311593
0.311593
0.307749
0.312874
0.311593
0.310312
0.307749
0.312874
0.314155
0.310312
0.311593
0.311593
0.311593
0.307749
0.311593
0.312874
0.311593
0.307749
0.311593
0.311593
0.312874
0.307749
0.311593
0.310312
0.310312
0.305187
0.311593
0.311593
0.311593
0.307749
0.312874
0.312874
0.30903
0.310312
0.311593
0.312874
0.306468
0.310312
0.311593
0.311593
0.305187
0.30903
0.310312
0.307749
0.303906
0.310312
0.30903
0.310312
0.305187
0.30903
0.310312
0.30903
0.305187
0.306468
0.307749
0.307749
0.303906
0.30903
0.305187
0.305187
0.305187
0.30903
0.310312
0.303906
0.307749
0.30903
0.310312
0.302625
0.307749
0.30903
0.306468
0.302625
0.307749
0.310312
0.305187
0.307749
0.30903
0.307749
0.302625
0.302625
0.307749
0.307749
0.301343
0.307749
0.30903
0.305187
0.301343
0.306468
0.30903
0.303906
0.301343
0.303906
0.301343
0.2975
0.302625
0.300062
0.302625
0.298781
0.300062
0.301343
0.300062
0.293656
0.296219
0.300062
0.301343
0.300062
0.305187
0.306468
0.303906
0.302625
0.305187
0.303906
0.2975
0.300062
0.303906
0.293656
0.300062
0.301343
0.2975
0.317999
0.328248
0.333373
0.337216
0.335935
0.34106
0.343622
0.342341
0.338498
0.342341
0.342341
0.339779
0.333373
0.343622
0.338498
0.335935
0.338498
0.310312
0.293656
0.282126
0.289813
0.291094
0.288532
0.291094
0.292375
0.284688
0.282126
0.311593
0.326967
0.326967
0.332092
0.332092
0.333373
0.33081
0.334654
0.334654
0.333373
0.33081
0.334654
0.335935
0.332092
0.332092
0.335935
0.33081
0.329529
0.337216
0.335935
0.332092
0.33081
0.337216
0.337216
0.333373
0.334654
0.337216
0.335935
0.333373
0.337216
0.338498
0.334654
0.33081
0.335935
0.335935
0.302625
0.296219
0.301343
0.307749
0.301343
0.307749
0.30903
0.30903
0.303906
0.30903
0.310312
0.307749
0.311593
0.317999
0.310312
0.2975
0.28725
0.262908
0.269314
0.242409
0.277001
0.284688
0.283407
0.269314
0.28725
0.284688
0.27572
0.269314
0.255221
0.255221
0.251377
0.24369
0.242409
0.260346
0.262908
0.260346
0.259065
0.259065
0.261627
0.256502
0.259065
0.26547
0.279563
0.283407
0.271876
0.26547
0.26547
0.266752
0.262908
0.268033
0.268033
0.268033
0.261627
0.269314
0.270595
0.266752
0.26547
0.268033
0.268033
0.266752
0.269314
0.269314
0.266752
0.264189
0.268033
0.270595
0.268033
0.270595
0.270595
0.270595
0.266752
0.270595
0.270595
0.269314
0.26547
0.268033
0.270595
0.268033
0.268033
0.271876
0.273158
0.266752
0.271876
0.271876
0.269314
0.266752
0.270595
0.271876
0.266752
0.271876
0.271876
0.271876
0.268033
0.271876
0.271876
0.271876
0.266752
0.271876
0.273158
0.273158
0.268033
0.270595
0.271876
0.270595
0.269314
0.273158
0.271876
0.268033
0.271876
0.271876
0.271876
0.266752
0.270595
0.273158
0.271876
0.266752
0.273158
0.271876
0.269314
0.271876
0.271876
0.273158
0.269314
0.271876
0.273158
0.273158
0.266752
0.271876
0.270595
0.270595
0.26547
0.271876
0.271876
0.271876
0.266752
0.270595
0.271876
0.268033
0.268033
0.271876
0.271876
0.266752
0.271876
0.273158
0.271876
0.266752
0.268033
0.273158
0.273158
0.266752
0.270595
0.270595
0.271876
0.26547
0.270595
0.271876
0.270595
0.266752
0.270595
0.271876
0.270595
0.266752
0.270595
0.269314
0.268033
0.266752
0.270595
0.269314
0.26547
0.266752
0.270595
0.270595
0.26547
0.271876
0.270595
0.269314
0.264189
0.273158
0.271876
0.270595
0.269314
0.273158
0.273158
0.269314
0.268033
0.271876
0.271876
0.269314
0.268033
0.270595
0.271876
0.268033
0.269314
0.271876
0.271876
0.266752
0.270595
0.270595
0.270595
0.26547
0.269314
0.270595
0.270595
0.266752
0.269314
0.269314
0.266752
0.26547
0.266752
0.266752
0.261627
0.264189
0.266752
0.268033
0.261627
0.266752
0.26547
0.262908
0.259065
0.26547
0.266752
0.264189
0.260346
0.26547
0.266752
0.261627
0.262908
0.266752
0.266752
0.260346
0.266752
0.26547
0.262908
0.257783
0.262908
0.262908
0.257783
0.256502
0.259065
0.260346
0.255221
0.257783
0.260346
0.260346
0.255221
0.259065
0.260346
0.262908
0.256502
0.260346
0.260346
0.260346
0.256502
0.261627
0.261627
0.260346
0.259065
0.262908
0.261627
0.260346
0.260346
0.262908
0.261627
0.257783
0.259065
0.259065
0.256502
0.252659
0.25394
0.256502
0.256502
0.252659
0.256502
0.257783
0.257783
0.252659
0.257783
0.256502
0.256502
0.25394
0.257783
0.256502
0.256502
0.252659
0.256502
0.256502
0.25394
0.25394
0.257783
0.257783
0.25394
0.256502
0.256502
0.256502
0.250096
0.255221
0.255221
0.256502
0.248815
0.256502
0.255221
0.255221
0.251377
0.256502
0.255221
0.256502
0.248815
0.255221
0.25394
0.25394
0.248815
0.25394
0.25394
0.252659
0.250096
0.252659
0.252659
0.250096
0.247534
0.252659
0.25394
0.251377
0.247534
0.255221
0.25394
0.251377
0.246253
0.251377
0.250096
0.251377
0.248815
0.252659
0.251377
0.248815
0.250096
0.252659
0.252659
0.247534
0.248815
0.252659
0.251377
0.247534
0.250096
0.251377
0.251377
0.247534
0.247534
0.251377
0.250096
0.246253
0.250096
0.251377
0.250096
0.246253
0.247534
0.250096
0.250096
0.246253
0.250096
0.248815
0.251377
0.244972
0.246253
0.248815
0.250096
0.246253
0.246253
0.248815
0.250096
0.244972
0.246253
0.250096
0.248815
0.244972
0.247534
0.248815
0.247534
0.244972
0.247534
0.248815
0.250096
0.242409
0.247534
0.248815
0.247534
0.244972
0.247534
0.247534
0.247534
0.244972
0.247534
0.247534
0.246253
0.242409
0.24369
0.246253
0.244972
0.238566
0.244972
0.246253
0.247534
0.239847
0.246253
0.246253
0.246253
0.239847
0.244972
0.244972
0.24369
0.238566
0.244972
0.244972
0.242409
0.239847
0.242409
0.244972
0.24369
0.238566
0.24369
0.244972
0.242409
0.238566
0.24369
0.24369
0.241128
0.239847
0.242409
0.242409
0.241128
0.239847
0.24369
0.242409
0.236003
0.238566
0.241128
0.242409
0.237285
0.239847
0.239847
0.241128
0.236003
0.241128
0.239847
0.238566
0.236003
0.239847
0.241128
0.241128
0.234722
0.239847
0.239847
0.239847
0.236003
0.241128
0.241128
0.238566
0.234722
0.239847
0.239847
0.237285
0.234722
0.239847
0.239847
0.236003
0.238566
0.239847
0.237285
0.234722
0.236003
0.238566
0.239847
0.233441
0.236003
0.237285
0.237285
0.230879
0.237285
0.237285
0.236003
0.23216
0.238566
0.238566
0.233441
0.236003
0.237285
0.238566
0.23216
0.237285
0.237285
0.237285
0.23216
0.238566
0.237285
0.237285
0.233441
0.236003
0.237285
0.236003
0.230879
0.238566
0.237285
0.237285
0.230879
0.237285
0.236003
0.234722
0.23216
0.238566
0.238566
0.234722
0.237285
0.237285
0.236003
0.230879
0.233441
0.237285
0.237285
0.230879
0.234722
0.237285
0.234722
0.233441
0.238566
0.239847
0.236003
0.238566
0.238566
0.236003
0.234722
0.233441
0.234722
0.234722
0.23216
0.236003
0.236003
0.236003
0.230879
0.236003
0.236003
0.236003
0.230879
0.236003
0.236003
0.234722
0.236003
0.236003
0.236003
0.230879
0.234722
0.237285
0.233441
0.229597
0.236003
0.234722
0.234722
0.23216
0.237285
0.234722
0.233441
0.234722
0.236003
0.237285
0.23216
0.237285
0.234722
0.237285
0.230879
0.233441
0.234722
0.236003
0.230879
0.23216
0.236003
0.236003
0.23216
0.236003
0.236003
0.237285
0.230879
0.236003
0.236003
0.237285
0.230879
0.234722
0.236003
0.236003
0.230879
0.236003
0.234722
0.234722
0.228316
0.234722
0.23216
0.23216
0.229597
0.234722
0.234722
0.233441
0.23216
0.236003
0.236003
0.233441
0.230879
0.234722
0.234722
0.233441
0.229597
0.234722
0.234722
0.23216
0.233441
0.234722
0.234722
0.23216
0.234722
0.234722
0.234722
0.23216
0.234722
0.234722
0.236003
0.23216
0.236003
0.237285
0.236003
0.230879
0.234722
0.234722
0.237285
0.229597
0.230879
0.236003
0.234722
0.230879
0.23216
0.236003
0.234722
0.229597
0.233441
0.234722
0.234722
0.229597
0.234722
0.234722
0.233441
0.230879
0.233441
0.233441
0.23216
0.229597
0.234722
0.233441
0.229597
0.230879
0.234722
0.236003
0.229597
0.236003
0.234722
0.233441
0.228316
0.233441
0.233441
0.23216
0.228316
0.234722
0.23216
0.23216
0.227035
0.23216
0.23216
0.23216
0.227035
0.23216
0.233441
0.234722
0.229597
0.233441
0.233441
0.234722
0.227035
0.233441
0.233441
0.233441
0.228316
0.233441
0.233441
0.23216
0.228316
0.233441
0.233441
0.230879
0.229597
0.234722
0.233441
0.228316
0.233441
0.233441
0.233441
0.227035
0.23216
0.234722
0.233441
0.227035
0.233441
0.234722
0.230879
0.228316
0.234722
0.234722
0.23216
0.227035
0.233441
0.233441
0.230879
0.229597
0.23216
0.23216
0.230879
0.230879
0.23216
0.233441
0.229597
0.227035
0.233441
0.233441
0.230879
0.228316
0.23216
0.233441
0.23216
0.228316
0.230879
0.23216
0.229597
0.228316
0.230879
0.23216
0.229597
0.228316
0.230879
0.23216
0.228316
0.228316
0.233441
0.23216
0.228316
0.23216
0.23216
0.233441
0.227035
0.23216
0.228316
0.23216
0.228316
0.228316
0.233441
0.230879
0.228316
0.227035
0.23216
0.230879
0.227035
0.229597
0.230879
0.230879
0.224473
0.230879
0.230879
0.23216
0.224473
0.230879
0.230879
0.230879
0.224473
0.230879
0.230879
0.229597
0.225754
0.23216
0.230879
0.230879
0.225754
0.230879
0.230879
0.229597
0.225754
0.229597
0.230879
0.228316
0.223192
0.229597
0.230879
0.229597
0.227035
0.230879
0.229597
0.229597
0.225754
0.229597
0.230879
0.227035
0.224473
0.229597
0.229597
0.227035
0.225754
0.230879
0.229597
0.224473
0.227035
0.229597
0.229597
0.227035
0.229597
0.23216
0.229597
0.225754
0.230879
0.230879
0.229597
0.225754
0.227035
0.228316
0.229597
0.227035
0.229597
0.230879
0.229597
0.227035
0.230879
0.230879
0.228316
0.225754
0.228316
0.229597
0.229597
0.225754
0.224473
0.229597
0.229597
0.225754
0.227035
0.23216
0.230879
0.227035
0.229597
0.23216
0.23216
0.228316
0.230879
0.230879
0.230879
0.227035
0.229597
0.230879
0.230879
0.228316
0.225754
0.229597
0.230879
0.229597
0.224473
0.230879
0.230879
0.227035
0.225754
0.229597
0.230879
0.228316
0.227035
0.229597
0.230879
0.227035
0.229597
0.230879
0.229597
0.224473
0.228316
0.229597
0.230879
0.225754
0.225754
0.229597
0.230879
0.225754
0.229597
0.229597
0.230879
0.224473
0.229597
0.228316
0.229597
0.224473
0.229597
0.233441
0.230879
0.225754
0.228316
0.230879
0.228316
0.223192
0.228316
0.227035
0.228316
0.22191
0.229597
0.228316
0.227035
0.22191
0.229597
0.228316
0.225754
0.223192
0.229597
0.229597
0.225754
0.224473
0.229597
0.228316
0.224473
0.225754
0.227035
0.233441
0.219348
0.219348
0.225754
0.229597
0.22191
0.22191
0.230879
0.229597
0.227035
0.229597
0.230879
0.233441
0.227035
0.230879
0.23216
0.23216
0.225754
0.230879
0.230879
0.23216
0.225754
0.230879
0.23216
0.233441
0.227035
0.23216
0.233441
0.23216
0.227035
0.230879
0.23216
0.230879
0.225754
0.230879
0.23216
0.23216
0.227035
0.23216
0.233441
0.230879
0.227035
0.233441
0.23216
0.230879
0.224473
0.230879
0.230879
0.230879
0.225754
0.230879
0.230879
0.228316
0.227035
0.233441
0.23216
0.228316
0.228316
0.233441
0.233441
0.228316
0.230879
0.233441
0.230879
0.225754
0.230879
0.23216
0.23216
0.227035
0.23216
0.23216
0.230879
0.23216
0.23216
0.230879
0.228316
0.23216
0.23216
0.234722
0.227035
0.233441
0.234722
0.233441
0.227035
0.233441
0.23216
0.23216
0.227035
0.233441
0.233441
0.229597
0.233441
0.233441
0.233441
0.228316
0.228316
0.233441
0.234722
0.228316
0.23216
0.233441
0.230879
0.228316
0.233441
0.233441
0.230879
0.229597
0.23216
0.233441
0.229597
0.230879
0.233441
0.230879
0.228316
0.233441
0.233441
0.23216
0.227035
0.233441
0.233441
0.230879
0.228316
0.233441
0.23216
0.229597
0.23216
0.233441
0.23216
0.228316
0.233441
0.233441
0.234722
0.229597
0.234722
0.233441
0.23216
0.229597
0.233441
0.234722
0.230879
0.229597
0.233441
0.23216
0.227035
0.23216
0.233441
0.230879
0.228316
0.234722
0.230879
0.23216
0.227035
0.233441
0.230879
0.230879
0.23216
0.233441
0.234722
0.228316
0.233441
0.236003
0.233441
0.229597
0.233441
0.233441
0.23216
0.229597
0.23216
0.234722
0.23216
0.229597
0.234722
0.234722
0.230879
0.233441
0.233441
0.233441
0.229597
0.233441
0.233441
0.233441
0.229597
0.23216
0.234722
0.230879
0.229597
0.23216
0.234722
0.230879
0.228316
0.234722
0.234722
0.234722
0.228316
0.233441
0.233441
0.233441
0.227035
0.234722
0.234722
0.230879
0.229597
0.233441
0.234722
0.23216
0.229597
0.234722
0.234722
0.230879
0.233441
0.234722
0.233441
0.229597
0.233441
0.234722
0.234722
0.229597
0.23216
0.233441
0.234722
0.229597
0.234722
0.236003
0.23216
0.229597
0.236003
0.234722
0.233441
0.229597
0.233441
0.237285
0.23216
0.236003
0.236003
0.236003
0.229597
0.23216
0.234722
0.234722
0.225754
0.233441
0.233441
0.233441
0.228316
0.234722
0.236003
0.23216
0.229597
0.236003
0.236003
0.23216
0.23216
0.23216
0.236003
0.230879
0.233441
0.236003
0.234722
0.229597
0.234722
0.236003
0.233441
0.229597
0.236003
0.236003
0.23216
0.234722
0.236003
0.236003
0.23216
0.236003
0.234722
0.234722
0.229597
0.236003
0.238566
0.236003
0.230879
0.236003
0.236003
0.236003
0.23216
0.236003
0.236003
0.234722
0.230879
0.237285
0.238566
0.234722
0.229597
0.236003
0.237285
0.233441
0.237285
0.236003
0.237285
0.230879
0.236003
0.237285
0.236003
0.230879
0.236003
0.236003
0.233441
0.230879
0.236003
0.236003
0.234722
0.23216
0.233441
0.236003
0.233441
0.236003
0.237285
0.237285
0.23216
0.237285
0.238566
0.237285
0.230879
0.236003
0.237285
0.236003
0.23216
0.238566
0.236003
0.233441
0.229597
0.236003
0.236003
0.233441
0.230879
0.237285
0.237285
0.234722
0.23216
0.237285
0.237285
0.233441
0.230879
0.236003
0.237285
0.233441
0.229597
0.236003
0.234722
0.234722
0.229597
0.236003
0.237285
0.236003
0.23216
0.236003
0.237285
0.236003
0.236003
0.233441
0.234722
0.234722
0.230879
0.236003
0.237285
0.233441
0.234722
0.236003
0.237285
0.234722
0.237285
0.238566
0.238566
0.233441
0.236003
0.237285
0.237285
0.233441
0.23216
0.238566
0.236003
0.23216
0.234722
0.236003
0.237285
0.23216
0.236003
0.237285
0.237285
0.23216
0.238566
0.237285
0.233441
0.233441
0.236003
0.237285
0.237285
0.23216
0.237285
0.237285
0.234722
0.23216
0.236003
0.238566
0.236003
0.233441
0.236003
0.238566
0.233441
0.23216
0.237285
0.238566
0.230879
0.233441
0.237285
0.237285
0.23216
0.237285
0.236003
0.236003
0.230879
0.236003
0.238566
0.236003
0.23216
0.237285
0.237285
0.236003
0.23216
0.237285
0.238566
0.23216
0.233441
0.237285
0.237285
0.23216
0.23216
0.238566
0.237285
0.23216
0.236003
0.236003
0.237285
0.23216
0.236003
0.236003
0.233441
0.23216
0.236003
0.238566
0.236003
0.23216
0.237285
0.237285
0.234722
0.233441
0.237285
0.238566
0.236003
0.236003
0.238566
0.238566
0.233441
0.237285
0.237285
0.237285
0.233441
0.234722
0.238566
0.238566
0.233441
0.238566
0.236003
0.238566
0.233441
0.237285
0.237285
0.236003
0.23216
0.237285
0.237285
0.238566
0.23216
0.238566
0.238566
0.236003
0.228316
0.237285
0.237285
0.234722
0.237285
0.238566
0.238566
0.236003
0.237285
0.237285
0.237285
0.234722
0.238566
0.238566
0.238566
0.234722
0.237285
0.239847
0.238566
0.234722
0.234722
0.239847
0.237285
0.233441
0.236003
0.238566
0.238566
0.23216
0.237285
0.238566
0.237285
0.233441
0.238566
0.239847
0.236003
0.23216
0.239847
0.238566
0.236003
0.233441
0.238566
0.239847
0.239847
0.23216
0.237285
0.241128
0.239847
0.234722
0.241128
0.239847
0.241128
0.236003
0.244972
0.24369
0.24369
0.237285
0.24369
0.242409
0.242409
0.237285
0.24369
0.244972
0.242409
0.239847
0.242409
0.244972
0.239847
0.239847
0.244972
0.24369
0.241128
0.242409
0.244972
0.244972
0.239847
0.238566
0.244972
0.24369
0.238566
0.24369
0.24369
0.24369
0.238566
0.244972
0.244972
0.242409
0.237285
0.24369
0.24369
0.24369
0.237285
0.242409
0.24369
0.242409
0.239847
0.244972
0.24369
0.241128
0.239847
0.244972
0.244972
0.241128
0.241128
0.244972
0.244972
0.239847
0.244972
0.24369
0.24369
0.238566
0.24369
0.244972
0.24369
0.238566
0.244972
0.24369
0.24369
0.239847
0.246253
0.244972
0.242409
0.24369
0.246253
0.24369
0.239847
0.241128
0.244972
0.244972
0.238566
0.244972
0.242409
0.244972
0.238566
0.24369
0.244972
0.242409
0.238566
0.246253
0.244972
0.244972
0.239847
0.24369
0.244972
0.237285
0.244972
0.246253
0.24369
0.241128
0.242409
0.247534
0.246253
0.239847
0.244972
0.246253
0.244972
0.241128
0.244972
0.246253
0.24369
0.239847
0.246253
0.247534
0.244972
0.238566
0.246253
0.247534
0.244972
0.241128
0.246253
0.247534
0.24369
0.246253
0.247534
0.247534
0.242409
0.242409
0.244972
0.247534
0.242409
0.244972
0.247534
0.247534
0.242409
0.246253
0.247534
0.247534
0.242409
0.247534
0.247534
0.248815
0.242409
0.247534
0.248815
0.244972
0.242409
0.247534
0.246253
0.244972
0.238566
0.246253
0.247534
0.246253
0.24369
0.247534
0.247534
0.244972
0.24369
0.246253
0.248815
0.24369
0.24369
0.246253
0.246253
0.24369
0.24369
0.248815
0.247534
0.24369
0.244972
0.247534
0.247534
0.242409
0.248815
0.248815
0.248815
0.24369
0.244972
0.248815
0.247534
0.242409
0.248815
0.248815
0.248815
0.242409
0.247534
0.247534
0.246253
0.24369
0.248815
0.247534
0.246253
0.24369
0.248815
0.248815
0.247534
0.244972
0.251377
0.248815
0.246253
0.247534
0.248815
0.248815
0.244972
0.246253
0.250096
0.250096
0.24369
0.248815
0.248815
0.248815
0.24369
0.250096
0.247534
0.246253
0.24369
0.251377
0.250096
0.248815
0.242409
0.250096
0.250096
0.248815
0.246253
0.250096
0.250096
0.246253
0.246253
0.251377
0.250096
0.247534
0.250096
0.251377
0.252659
0.246253
0.248815
0.250096
0.248815
0.246253
0.250096
0.251377
0.250096
0.244972
0.247534
0.251377
0.250096
0.244972
0.250096
0.250096
0.248815
0.244972
0.250096
0.251377
0.250096
0.246253
0.251377
0.251377
0.247534
0.247534
0.251377
0.251377
0.247534
0.247534
0.251377
0.252659
0.247534
0.250096
0.250096
0.251377
0.244972
0.250096
0.251377
0.248815
0.247534
0.250096
0.250096
0.248815
0.248815
0.251377
0.250096
0.246253
0.251377
0.251377
0.248815
0.246253
0.250096
0.250096
0.251377
0.244972
0.250096
0.250096
0.248815
0.246253
0.248815
0.242409
0.229597
0.227035
0.227035
0.224473
0.220629
0.22191
0.22191
0.216786
0.211661
0.21038
0.215505
0.225754
0.230879
0.22191
0.216786
0.215505
0.218067
0.216786
0.223192
0.22191
0.219348
0.207817
0.212942
0.21038
0.209099
0.206536
0.21038
0.212942
0.21038
0.209099
0.211661
0.211661
0.21038
0.205255
0.21038
0.212942
0.21038
0.206536
0.211661
0.21038
0.209099
0.205255
0.211661
0.21038
0.214223
0.21038
0.215505
0.215505
0.212942
0.209099
0.215505
0.215505
0.209099
0.212942
0.216786
0.216786
0.214223
0.21038
0.214223
0.214223
0.211661
0.209099
0.212942
0.212942
0.211661
0.209099
0.215505
0.214223
0.212942
0.214223
0.216786
0.216786
0.211661
0.215505
0.216786
0.216786
0.212942
0.215505
0.216786
0.216786
0.215505
0.215505
0.216786
0.215505
0.214223
0.211661
0.215505
0.216786
0.215505
0.21038
0.216786
0.216786
0.214223
0.212942
0.214223
0.216786
0.212942
0.211661
0.215505
0.216786
0.214223
0.215505
0.216786
0.215505
0.212942
0.214223
0.215505
0.215505
0.212942
0.214223
0.214223
0.215505
0.21038
0.218067
0.216786
0.216786
0.21038
0.215505
0.216786
0.218067
0.211661
0.216786
0.215505
0.214223
0.211661
0.215505
0.216786
0.215505
0.212942
0.216786
0.216786
0.214223
0.216786
0.218067
0.219348
0.212942
0.212942
0.218067
0.218067
0.212942
0.215505
0.218067
0.216786
0.211661
0.216786
0.216786
0.218067
0.212942
0.218067
0.216786
0.218067
0.21038
0.216786
0.219348
0.218067
0.214223
0.22191
0.223192
0.219348
0.214223
0.218067
0.219348
0.215505
0.219348
0.22191
0.22191
0.216786
0.219348
0.219348
0.219348
0.214223
0.219348
0.219348
0.216786
0.215505
0.218067
0.22191
0.22191
0.215505
0.220629
0.219348
0.219348
0.215505
0.216786
0.219348
0.22191
0.218067
0.218067
0.223192
0.223192
0.216786
0.223192
0.223192
0.22191
0.216786
0.22191
0.223192
0.22191
0.216786
0.223192
0.223192
0.223192
0.215505
0.223192
0.223192
0.223192
0.215505
0.223192
0.223192
0.224473
0.216786
0.223192
0.223192
0.22191
0.218067
0.22191
0.223192
0.220629
0.219348
0.223192
0.223192
0.220629
0.218067
0.224473
0.223192
0.22191
0.224473
0.223192
0.223192
0.220629
0.223192
0.223192
0.224473
0.218067
0.225754
0.224473
0.223192
0.218067
0.224473
0.223192
0.219348
0.22191
0.224473
0.224473
0.216786
0.224473
0.223192
0.225754
0.216786
0.224473
0.223192
0.220629
0.219348
0.224473
0.224473
0.220629
0.220629
0.224473
0.225754
0.220629
0.223192
0.224473
0.224473
0.220629
0.223192
0.225754
0.22191
0.219348
0.224473
0.225754
0.22191
0.220629
0.224473
0.224473
0.219348
0.224473
0.224473
0.224473
0.219348
0.223192
0.224473
0.223192
0.218067
0.223192
0.224473
0.22191
0.22191
0.225754
0.224473
0.220629
0.225754
0.224473
0.223192
0.218067
0.224473
0.224473
0.22191
0.225754
0.224473
0.224473
0.220629
0.225754
0.224473
0.224473
0.220629
0.224473
0.225754
0.224473
0.219348
0.224473
0.225754
0.224473
0.22191
0.225754
0.224473
0.22191
0.225754
0.225754
0.225754
0.22191
0.225754
0.227035
0.227035
0.22191
0.224473
0.227035
0.224473
0.220629
0.225754
0.225754
0.225754
0.220629
0.225754
0.228316
0.223192
0.224473
0.225754
0.225754
0.220629
0.223192
0.225754
0.225754
0.220629
0.224473
0.225754
0.225754
0.219348
0.227035
0.224473
0.224473
0.219348
0.225754
0.225754
0.224473
0.220629
0.225754
0.227035
0.223192
0.220629
0.225754
0.225754
0.223192
0.219348
0.224473
0.227035
0.223192
0.225754
0.225754
0.227035
0.22191
0.225754
0.224473
0.225754
0.220629
0.224473
0.224473
0.224473
0.22191
0.224473
0.225754
0.224473
0.220629
0.225754
0.224473
0.223192
0.224473
0.223192
0.225754
0.22191
0.225754
0.224473
0.22191
0.219348
0.225754
0.225754
0.223192
0.220629
0.224473
0.225754
0.223192
0.225754
0.225754
0.227035
0.220629
0.225754
0.227035
0.223192
0.22191
0.225754
0.227035
0.225754
0.223192
0.227035
0.225754
0.220629
0.224473
0.225754
0.225754
0.220629
0.225754
0.225754
0.224473
0.220629
0.225754
0.227035
0.224473
0.225754
0.227035
0.227035
0.220629
0.225754
0.225754
0.227035
0.220629
0.225754
0.224473
0.224473
0.224473
0.225754
0.225754
0.220629
0.225754
0.224473
0.225754
0.220629
0.227035
0.227035
0.225754
0.220629
0.225754
0.225754
0.22191
0.225754
0.225754
0.224473
0.220629
0.225754
0.224473
0.224473
0.218067
0.224473
0.225754
0.224473
0.219348
0.224473
0.227035
0.223192
0.22191
0.224473
0.224473
0.22191
0.223192
0.227035
0.225754
0.219348
0.224473
0.227035
0.224473
0.219348
0.224473
0.225754
0.223192
0.225754
0.225754
0.227035
0.22191
0.22191
0.225754
0.225754
0.218067
0.224473
0.225754
0.223192
0.218067
0.225754
0.227035
0.234722
0.224473
0.23216
0.241128
0.259065
0.277001
0.283407
0.284688
0.279563
0.285969
0.283407
0.279563
0.280845
0.285969
0.284688
0.277001
0.282126
0.242409
0.216786
0.216786
0.216786
0.215505
0.211661
0.215505
0.214223
0.219348
0.219348
0.229597
0.244972
0.257783
0.259065
0.264189
0.26547
0.261627
0.268033
0.268033
0.26547
0.26547
0.269314
0.270595
0.268033
0.271876
0.23216
0.227035
0.219348
0.224473
0.223192
0.223192
0.216786
0.22191
0.223192
0.223192
0.216786
0.223192
0.223192
0.220629
0.218067
0.223192
0.22191
0.219348
0.22191
0.218067
0.21038
0.203974
0.209099
0.207817
0.203974
0.20013
0.206536
0.21038
0.219348
0.218067
0.224473
0.228316
0.229597
0.218067
0.21038
0.201412
0.1886
0.189881
0.191162
0.186037
0.154008
0.14504
0.015641
0.035873
0.017936
0.060215
0.039716
0.047404
0.056372
0.066621
0.06534
0.052528
0.047404
0.04356
0.042279
0.039716
0.047404
0.044841
0.044841
0.04356
0.048685
0.049966
0.053809
0.051247
0.060215
0.055091
0.040998
0.034592
0.033311
0.032029
0.028186
0.028186
0.029467
0.032029
0.026905
0.025624
