0.833996
1.18016
1.618365
2.096314
2.584612
3.076771
3.581816
3.605464
3.605464
3.608027
3.605464
3.605464
3.618275
3.619557
3.632368
3.65799
3.668238
3.684893
3.698985
3.698985
3.704109
3.71692
3.713077
3.715639
3.727169
3.71692
3.718201
3.738699
3.70539
3.665676
3.661833
3.601621
3.587529
3.618275
3.765602
3.804035
3.828376
3.836062
3.84503
3.865528
3.884744
3.900117
3.919334
3.933426
3.940723
3.943285
3.952253
3.949691
3.94841
3.957377
3.952253
3.945848
3.956096
3.957377
3.957377
3.965064
3.97275
3.97275
3.985561
3.988124
3.994529
4.006059
4.012465
4.016308
4.027838
4.034243
4.035524
4.048336
4.058584
4.058584
4.068833
4.077801
4.082925
4.086768
4.105985
4.121358
4.14698
4.186694
4.220003
4.241781
4.271247
4.276371
4.291744
4.304555
4.308399
4.303274
4.304555
4.29815
4.289182
4.290463
4.287901
4.281496
4.28662
4.290463
4.296869
4.290463
4.300712
4.305836
4.29815
4.307117
4.313523
4.314804
4.316085
4.322491
4.317366
4.326334
4.331459
4.345551
4.350675
4.355799
4.362205
4.362205
4.375016
4.378859
4.381421
4.387827
4.398076
4.396794
4.399357
4.409606
4.407043
4.30968
4.202067
4.125201
4.127764
4.14698
4.141856
4.134169
4.149542
4.154666
4.162353
4.162353
4.167478
4.163634
4.176445
4.179008
4.177726
4.185413
4.195662
4.200786
4.207192
4.221284
4.226408
4.235376
4.257154
4.27509
4.280214
4.290463
4.296869
4.294306
4.29815
4.299431
4.296869
4.299431
4.301993
4.294306
4.303274
4.305836
4.312242
4.304555
4.317366
4.310961
4.317366
4.327615
4.331459
4.330177
4.341707
4.345551
4.348113
4.354518
4.358361
4.360924
4.373734
4.383984
4.390389
4.4032
4.422417
4.422417
4.436509
4.443446
4.449851
4.443446
4.456256
4.462662
4.469068
4.490846
4.502376
4.502376
4.515187
4.513906
4.507501
4.507501
4.503657
4.495971
4.490846
4.492127
4.489565
4.481879
4.488284
4.490846
4.488284
4.492127
4.495971
4.490846
4.501095
4.503657
4.503657
4.510063
4.515187
4.515187
4.508781
4.517749
4.519031
4.513906
4.521593
4.527998
4.525436
4.531841
4.533123
4.534404
4.529279
4.540809
4.543371
4.535685
4.547215
4.544652
4.543371
4.551058
4.556182
4.552339
4.55362
4.56515
4.566431
4.562588
4.570274
4.574118
4.571556
4.580523
4.581804
4.581804
4.584366
4.583086
4.58821
4.589491
4.602302
4.604864
4.601021
4.608707
4.613832
4.608707
4.616394
4.625362
4.626643
4.635611
4.642016
4.657389
4.668919
4.671481
4.674044
4.663795
4.58821
4.507501
4.766283
4.902079
4.770126
4.740661
4.699666
4.731693
4.752191
4.757315
4.771407
4.771407
4.793186
4.823932
4.823932
4.827775
4.829057
4.825213
4.818808
4.822651
4.814964
4.812402
4.80984
4.813684
4.811121
4.807278
4.812402
4.813684
4.817527
4.8329
4.845711
4.857241
4.873895
4.890549
4.896955
4.902079
4.913609
4.927701
4.942466
4.97065
4.988585
4.989867
4.99371
4.997553
4.983461
4.973213
4.966807
4.961683
4.94759
4.94631
4.943747
4.93606
4.943747
4.939904
4.938623
4.932217
4.943747
4.943747
4.939904
4.950153
4.951434
4.933498
4.948872
4.953996
4.950153
4.957839
4.960402
4.964245
4.969369
4.977056
4.98218
4.979618
4.992429
5.000115
4.998835
5.007802
5.020613
5.012927
5.025738
5.032143
5.033424
5.037268
5.041111
5.06417
5.0283
5.13335
5.132069
5.193562
5.217903
5.230713
5.188437
5.20381
5.212778
5.174345
5.237119
5.299893
5.278114
5.271709
5.26146
5.247368
5.184594
5.138474
5.023175
4.8656
5.083387
5.044954
4.969369
4.928374
4.915563
4.907876
4.994991
5.057765
5.103885
5.188437
5.27299
5.225589
5.305017
5.330639
5.29605
5.276833
5.285801
5.266584
5.292206
5.299893
5.292206
5.403662
5.448501
5.46606
5.450686
5.450686
5.444281
5.448124
5.430189
5.427627
5.430189
5.331544
5.355885
5.400723
5.434032
5.421221
5.434032
5.426345
5.425065
5.426345
5.417378
5.403286
5.359728
5.486557
5.550612
5.591607
5.368696
5.191904
4.869067
4.649094
4.804107
4.81948
4.732366
5.050078
5.197405
5.258898
5.306298
5.331921
5.351137
5.374197
5.385726
5.372916
5.367791
5.353699
5.335764
5.321671
5.310142
5.294768
5.288363
5.281958
5.266584
5.271709
5.27299
5.267866
5.260179
5.264022
5.264022
5.256336
5.26146
5.260179
5.258898
5.255054
5.262741
5.258898
5.257617
5.264022
5.265303
5.26146
5.270428
5.270428
5.269146
5.27299
5.275552
5.270428
5.27299
5.279395
5.279395
5.283238
5.280676
5.251211
5.24993
5.260179
5.262741
5.252492
5.26146
5.197405
5.237119
5.24993
5.242243
5.229433
5.230713
5.229433
5.229433
5.223027
5.22687
5.231995
5.224308
5.223027
5.239681
5.2384
5.248649
5.248649
5.262741
5.247368
5.310142
5.513836
5.422502
5.354604
5.410972
5.180374
5.143222
5.249554
5.336668
5.381507
5.395599
5.395599
5.402005
5.404567
5.399442
5.404567
5.410972
5.422502
5.458373
5.289268
5.267489
5.249554
5.243148
5.252116
5.254678
5.248272
5.259802
5.259802
5.25724
5.264927
5.267489
5.270051
5.264927
5.272614
5.275176
5.272614
5.275176
5.281581
5.2803
5.284143
5.289268
5.289268
5.286705
5.296954
5.304641
5.296954
5.308484
5.313609
5.316171
5.320014
5.322577
5.323857
5.318733
5.32642
5.330263
5.336668
5.354604
5.35076
5.376382
5.41994
5.439157
5.455811
5.462216
5.51346
5.487838
5.427627
5.460935
5.46734
5.451967
5.450686
5.463497
5.463497
5.463497
5.462216
5.475027
5.482714
5.47887
5.4904
5.495525
5.495525
5.50193
5.509617
5.510898
5.51346
5.517303
5.517303
5.523709
5.531395
5.532677
5.530115
5.539082
5.539082
5.542925
5.545488
5.549331
5.539082
5.544207
5.555737
5.558299
5.554455
5.55958
5.565985
5.562142
5.565985
5.572391
5.563423
5.567266
5.574953
5.580078
5.580078
5.58264
5.58264
5.581358
5.58392
5.585202
5.589045
5.586483
5.591607
5.59545
5.59417
5.600575
5.601856
5.59417
5.598013
5.598013
5.598013
5.55958
5.674879
5.717155
5.688971
5.645413
5.656943
5.647976
5.645413
5.655662
5.636446
5.633883
5.644133
5.631321
5.61851
5.624916
5.623635
5.621073
5.610824
5.613386
5.61851
5.617229
5.612105
5.626197
5.624916
5.610824
5.617229
5.622354
5.601856
5.613386
5.612105
5.587764
5.586483
5.508336
5.498087
5.487838
5.485276
5.533958
5.558299
5.528833
5.52499
5.519866
5.526271
5.545488
5.58264
5.603137
5.613386
5.637727
5.654381
5.66463
5.667192
5.686409
5.68769
5.685128
5.692814
5.696658
5.701782
5.700501
5.692814
5.688971
5.680003
5.680003
5.672317
5.663349
5.654381
5.647976
5.645413
5.633883
5.633883
5.633883
5.635165
5.6531
5.682565
5.703063
5.712031
5.727404
5.728685
5.724842
5.723561
5.715874
5.701782
5.690252
5.686409
5.678722
5.671035
5.668473
5.672317
5.669755
5.688971
5.69922
5.705625
5.709468
5.718436
5.718436
5.71075
5.712031
5.706906
5.704344
5.703063
5.709468
5.706906
5.701782
5.717155
5.740215
5.755588
5.753026
5.755588
5.745339
5.74662
5.78121
5.82733
5.868325
5.92085
5.997716
6.041825
6.075134
6.12894
6.164811
6.159687
6.162249
6.162249
6.167373
6.16353
6.17506
6.172498
6.162249
6.154562
6.139189
6.11741
6.100756
6.089226
6.068728
6.054636
6.055918
6.057199
6.055918
6.063604
6.064885
6.054636
6.063604
6.064885
6.08154
6.10588
6.14047
6.150719
6.154562
6.162249
6.157125
6.145595
6.136627
6.122535
6.102037
6.089226
6.098194
6.073853
6.036701
6.030295
6.027733
6.018765
6.026452
6.027733
6.026452
6.027733
6.045669
6.041825
6.052074
6.064885
6.076415
6.072572
6.098194
6.099475
6.123816
6.149438
6.187871
6.22246
6.240396
6.259613
6.266018
6.260893
6.255769
6.248083
6.240396
6.226304
6.218617
6.20965
6.205806
6.20965
6.208368
6.18659
6.204525
6.221179
6.241677
6.276267
6.308294
6.322386
6.332635
6.348008
6.340322
6.327511
6.328792
6.332635
6.336478
6.333916
6.336478
6.330073
6.309575
6.294202
6.295483
6.298045
6.313418
6.336478
6.350571
6.348008
6.354414
6.348008
6.339041
6.322386
6.301888
6.285234
6.263456
6.267299
6.286516
6.313418
6.360819
6.394128
6.415906
6.415906
6.423593
6.411638
6.400108
6.387298
6.396265
6.373206
6.353989
6.350146
6.345021
6.341178
6.351427
6.3668
6.373206
6.387298
6.391141
6.387298
6.374486
6.370643
6.362957
6.351427
6.35527
6.348865
6.342459
6.329648
6.338616
6.337335
6.3668
6.441104
6.515408
6.574338
6.614052
6.640955
6.620458
6.597398
6.567933
6.533343
6.492348
6.475693
6.457758
6.435979
6.425731
6.411638
6.434698
6.446228
6.432136
6.435979
6.476974
6.347583
6.333491
6.325805
6.324523
6.352708
6.392422
6.433417
6.462883
6.474412
6.491066
6.489786
6.488504
6.485942
6.468007
6.461601
6.444947
6.416763
6.397546
6.379611
6.359113
6.33221
6.325805
6.306588
6.293777
6.292496
6.283528
6.270718
6.266874
6.264312
6.263031
6.248939
6.257906
6.256625
6.245095
6.247658
6.247658
6.232285
6.234847
6.23869
6.236128
6.228441
6.236128
6.232285
6.228441
6.220755
6.23869
6.247658
6.251501
6.266874
6.277123
6.277123
6.270718
6.278404
6.279685
6.269436
6.264312
6.264312
6.256625
6.257906
6.255344
6.255344
6.25022
6.256625
6.251501
6.243814
6.242533
6.236128
6.229722
6.22716
6.234847
6.232285
6.222036
6.224598
6.228441
6.211787
6.214349
6.220755
6.224598
6.223317
6.237409
6.242533
6.23869
6.23869
6.246377
6.232285
6.232285
6.234847
6.233566
6.220755
6.225879
6.223317
6.21563
6.213068
6.223317
6.223317
6.216911
6.223317
6.228441
6.218193
6.187446
6.187446
6.183603
6.16951
6.16823
6.160543
6.155418
6.155418
6.161824
6.1567
6.146451
6.149013
6.151575
6.147732
6.152856
6.154138
6.155418
6.151575
6.159262
6.161824
6.1567
6.161824
6.160543
6.161824
6.149013
6.155418
6.161824
6.165668
6.187446
6.218193
6.220755
6.22716
6.246377
6.246377
6.23869
6.231003
6.224598
6.21563
6.202819
6.2041
6.207943
6.198976
6.196414
6.198976
6.198976
6.184884
6.191289
6.191289
6.19257
6.205381
6.225879
6.236128
6.242533
6.254063
6.265593
6.242533
6.242533
6.243814
6.237409
6.220755
6.219473
6.213068
6.196414
6.193851
6.184884
6.183603
6.160543
6.16823
6.166948
6.154138
6.160543
6.160543
6.159262
6.1567
6.173354
6.177197
6.178478
6.187446
6.198976
6.197695
6.200257
6.206663
6.201538
6.190008
6.187446
6.186165
6.18104
6.182322
6.18104
6.17976
6.174635
6.177197
6.170792
6.159262
6.165668
6.159262
6.149013
6.147732
6.14517
6.138764
6.132359
6.136202
6.141326
6.127234
6.129797
6.125953
6.120829
6.116985
6.124672
6.138764
6.147732
6.175916
6.190008
6.196414
6.200257
6.207943
6.202819
6.19257
6.196414
6.200257
6.210506
6.219473
6.231003
6.229722
6.220755
6.222036
6.214349
6.205381
6.190008
6.184884
6.16823
6.152856
6.147732
6.142608
6.129797
6.119548
6.124672
6.116985
6.115705
6.12211
6.116985
6.104175
6.11058
6.106737
6.101612
6.105455
6.106737
6.096488
6.08752
6.097769
6.092645
6.082396
6.084958
6.086239
6.07599
6.078553
6.07599
6.077271
6.070866
6.078553
6.081115
6.081115
6.083677
6.082396
6.082396
6.067023
6.07599
6.077271
6.065742
6.068304
6.069585
6.05165
6.05165
6.060617
6.06446
6.059336
6.069585
6.077271
6.088801
6.095207
6.106737
6.11058
6.106737
6.104175
6.101612
6.102893
6.09905
6.113142
6.127234
6.127234
6.142608
6.146451
6.141326
6.138764
6.136202
6.125953
6.109299
6.105455
6.097769
6.08752
6.084958
6.081115
6.07599
6.065742
6.068304
6.065742
6.061898
6.058055
6.056774
6.055493
6.050368
6.055493
6.058055
6.05293
6.061898
6.050368
6.061898
6.055493
6.065742
6.061898
6.049087
6.055493
6.056774
6.046525
6.046525
6.045244
6.043963
6.032433
6.036276
6.034995
6.02859
6.024746
6.027308
6.027308
6.023465
6.029871
6.02859
6.018341
6.022184
6.019622
6.009373
6.014498
6.014498
6.008092
6.00553
6.011935
6.018341
6.009373
6.019622
6.018341
6.009373
6.010654
6.011935
6.000405
5.995281
6.000405
5.997843
5.991438
5.997843
5.996562
5.994
5.996562
5.999125
6.001687
5.987595
5.999125
6.001687
5.991438
5.991438
5.992719
5.992719
5.978627
5.985032
5.986313
5.974783
5.977345
5.979908
5.972221
5.97094
5.976065
5.974783
5.967097
5.97094
5.968378
5.958129
5.964535
5.969659
5.981189
5.987595
6.008092
6.019622
6.014498
6.027308
6.027308
6.015779
6.008092
6.023465
6.02859
6.042682
6.058055
6.063179
6.054212
6.068304
6.061898
6.049087
6.050368
6.046525
6.033714
6.019622
6.023465
6.022184
6.015779
6.022184
6.019622
6.018341
6.014498
6.015779
6.009373
5.997843
6.001687
5.999125
5.990157
5.995281
5.992719
5.98247
5.985032
5.986313
5.976065
5.969659
5.973502
5.968378
5.961972
5.965816
5.967097
5.961972
5.954286
5.961972
5.95941
5.945318
5.954286
5.949162
5.941475
5.942756
5.94788
5.93635
5.947024
5.955992
5.957273
5.949586
5.950867
5.952148
5.950867
5.939337
5.950867
5.944462
5.935494
5.9419
5.9419
5.935494
5.938056
5.939337
5.93037
5.929089
5.931651
5.93037
5.926527
5.926527
5.93037
5.921402
5.922683
5.925245
5.922683
5.911153
5.917559
5.913715
5.898342
5.911153
5.911153
5.906029
5.900905
5.906029
5.902185
5.898342
5.902185
5.900905
5.894499
5.893218
5.900905
5.890656
5.893218
5.899623
5.899623
5.891937
5.898342
5.894499
5.891937
5.891937
5.891937
5.891937
5.88425
5.894499
5.893218
5.890656
5.894499
5.893218
5.890656
5.886812
5.890656
5.889375
5.877845
5.881688
5.882969
5.875282
5.877845
5.877845
5.87272
5.863753
5.87272
5.874002
5.874002
5.881688
5.881688
5.880407
5.870158
5.87272
5.871439
5.863753
5.853504
5.86119
5.854785
5.852223
5.853504
5.850942
5.847098
5.841974
5.84838
5.847098
5.841974
5.839412
5.847098
5.83813
5.83813
5.844536
5.847098
5.843255
5.84966
5.853504
5.83685
5.831725
5.83813
5.83813
5.826601
5.829163
5.831725
5.821476
5.808665
5.826601
5.82532
5.818914
5.820195
5.816352
5.815071
5.806103
5.816352
5.815071
5.807384
5.81379
5.81379
5.798417
5.798417
5.806103
5.803541
5.798417
5.800979
5.800979
5.797135
5.785605
5.793292
5.793292
5.786887
5.79073
5.789449
5.783043
5.7792
5.780481
5.783043
5.774076
5.783043
5.781762
5.774076
5.777919
5.781762
5.780481
5.776638
5.789449
5.786887
5.792011
5.798417
5.804822
5.808665
5.803541
5.809947
5.809947
5.806103
5.804822
5.81379
5.808665
5.815071
5.826601
5.827882
5.826601
5.826601
5.830444
5.830444
5.822757
5.820195
5.824039
5.809947
5.812509
5.807384
5.803541
5.795854
5.800979
5.795854
5.786887
5.783043
5.786887
5.785605
5.771513
5.777919
5.781762
5.774076
5.772795
5.7792
5.771513
5.758702
5.774076
5.775357
5.76767
5.765108
5.770232
5.765108
5.762546
5.777919
5.788168
5.797135
5.808665
5.824039
5.815071
5.820195
5.822757
5.815071
5.799697
5.795854
5.800979
5.780481
5.784325
5.786887
5.783043
5.770232
5.771513
5.766389
5.761265
5.757421
5.761265
5.762546
5.753578
5.762546
5.762546
5.758702
5.754859
5.762546
5.753578
5.748454
5.752297
5.752297
5.743329
5.743329
5.747172
5.740767
5.730518
5.73308
5.73308
5.72027
5.729237
5.727956
5.722832
5.717707
5.72155
5.727956
5.725394
5.738205
5.74461
5.751016
5.74461
5.757421
5.753578
5.742048
5.747172
5.747172
5.739486
5.731799
5.738205
5.729237
5.72155
5.722832
5.724113
5.716426
5.713864
5.715145
5.715145
5.706177
5.706177
5.70874
5.699772
5.692085
5.69721
5.694647
5.701053
5.703615
5.701053
5.694647
5.701053
5.69721
5.690804
5.684399
5.686961
5.68568
5.679274
5.686961
5.686961
5.677993
5.681837
5.684399
5.683117
5.672869
5.679274
5.679274
5.667744
5.67415
5.672869
5.669025
5.667744
5.671587
5.669025
5.661339
5.666463
5.667744
5.666463
5.667744
5.67415
5.672869
5.667744
5.667744
5.669025
5.665182
5.663901
5.66262
5.660058
5.65109
5.653652
5.653652
5.648528
5.65109
5.649809
5.649809
5.640841
5.647247
5.647247
5.635717
5.644685
5.643404
5.642122
5.63956
5.643404
5.63956
5.644685
5.679274
5.718988
5.735642
5.761265
5.758702
5.745892
5.713864
5.579349
5.563975
5.561413
5.562694
5.563975
5.562694
5.560132
5.561413
5.555007
5.553727
5.563975
5.556289
5.555007
5.558851
5.565257
5.561413
5.556289
5.563975
5.561413
5.553727
5.553727
5.558851
5.553727
5.556289
5.560132
5.55757
5.547321
5.549883
5.552445
5.547321
5.549883
5.553727
5.558851
5.551164
5.562694
5.561413
5.553727
5.55757
5.560132
5.548602
5.548602
5.553727
5.548602
5.544759
5.54604
5.544759
5.542197
5.53451
5.542197
5.543478
5.535791
5.538353
5.540915
5.529386
5.531948
5.535791
5.53451
5.526824
5.530667
5.531948
5.528104
5.528104
5.530667
5.528104
5.515294
5.525542
5.529386
5.530667
5.53451
5.542197
5.535791
5.533229
5.540915
5.542197
5.537072
5.53451
5.537072
5.531948
5.521699
5.530667
5.533229
5.529386
5.537072
5.53451
5.537072
5.540915
5.547321
5.553727
5.552445
5.562694
5.566537
5.551164
5.565257
5.562694
5.553727
5.553727
5.553727
5.542197
5.542197
5.544759
5.544759
5.535791
5.537072
5.535791
5.526824
5.525542
5.526824
5.515294
5.514012
5.52298
5.526824
5.517856
5.519137
5.52298
5.515294
5.510169
5.517856
5.517856
5.510169
5.510169
5.512731
5.506326
5.507607
5.506326
5.497358
5.501202
5.506326
5.502482
5.494796
5.498639
5.493515
5.497358
5.489672
5.494796
5.497358
5.487109
5.492234
5.493515
5.490952
5.480704
5.493515
5.487109
5.478142
5.485828
5.484547
5.480704
5.476861
5.481985
5.469174
5.467893
5.475579
5.478142
5.465331
5.474298
5.478142
5.471736
5.473017
5.473017
5.473017
5.464049
5.467893
5.467893
5.462769
5.461487
5.462769
5.452519
5.455082
5.458925
5.457644
5.451239
5.455082
5.440989
5.448676
5.442271
5.447395
5.446114
5.437147
5.455811
5.458373
5.451967
5.45453
5.451967
5.451967
5.445562
5.450686
5.445562
5.444281
5.450686
5.448124
5.440437
5.443
5.444281
5.436594
5.439157
5.439157
5.435313
5.434032
5.435313
5.432751
5.425065
5.428908
5.428908
5.428908
5.428908
5.423783
5.422502
5.416097
5.421221
5.422502
5.417378
5.41994
5.421221
5.409691
5.412253
5.413535
5.414815
5.399442
5.40841
5.407129
5.404567
5.404567
5.405848
5.404567
5.398161
5.402005
5.402005
5.39688
5.394318
5.398161
5.390475
5.387912
5.394318
5.391756
5.38535
5.389194
5.387912
5.384069
5.380226
5.386631
5.376382
5.37382
5.382788
5.384069
5.37382
5.37382
5.376382
5.376382
5.366134
5.371258
5.372539
5.366134
5.353323
5.366134
5.359728
5.36229
5.364853
5.363572
5.36229
5.363572
5.36101
5.353323
5.358447
5.353323
5.352042
5.348198
5.354604
5.353323
5.343074
5.34948
5.34948
5.340512
5.341793
5.341793
5.336668
5.331544
5.340512
5.33795
5.330263
5.339231
5.341793
5.33795
5.335387
5.341793
5.343074
5.332825
5.343074
5.343074
5.336668
5.343074
5.344355
5.343074
5.336668
5.341793
5.340512
5.336668
5.334106
5.339231
5.330263
5.339231
5.348198
5.348198
5.345636
5.348198
5.341793
5.336668
5.331544
5.332825
5.330263
5.322577
5.327701
5.32642
5.321295
5.320014
5.325139
5.320014
5.309765
5.31489
5.312327
5.312327
5.304641
5.308484
5.308484
5.300797
5.308484
5.305922
5.298235
5.296954
5.300797
5.290549
5.294392
5.295673
5.285425
5.289268
5.290549
5.296954
5.29183
5.279019
5.284143
5.287987
5.279019
5.277738
5.282862
5.272614
5.26877
5.279019
5.276457
5.275176
5.2803
5.276457
5.277738
5.267489
5.279019
5.277738
5.273895
5.2803
5.281581
5.284143
5.289268
5.298235
5.302079
5.300797
5.31489
5.321295
5.316171
5.323857
5.325139
5.320014
5.318733
5.318733
5.31489
5.304641
5.311047
5.302079
5.296954
5.304641
5.302079
5.302079
5.300797
5.304641
5.298235
5.293111
5.300797
5.302079
5.293111
5.295673
5.295673
5.285425
5.281581
5.286705
5.284143
5.277738
5.276457
5.272614
5.267489
5.267489
5.271332
5.263646
5.263646
5.273895
5.272614
5.26877
5.26877
5.270051
5.263646
5.266208
5.263646
5.263646
5.252116
5.258522
5.258522
5.250835
5.243148
5.253397
5.249554
5.24571
5.252116
5.244429
5.244429
5.252116
5.250835
5.241867
5.246992
5.252116
5.240586
5.244429
5.241867
5.239305
5.235462
5.239305
5.23418
5.238024
5.238024
5.23418
5.227775
5.23418
5.232899
5.227775
5.231618
5.230337
5.227775
5.235462
5.23418
5.230337
5.231618
5.231618
5.231618
5.222651
5.229056
5.227775
5.217526
5.223932
5.22137
5.214964
5.217526
5.218807
5.216245
5.20984
5.213683
5.211121
5.202153
5.207277
5.20984
5.203434
5.205997
5.204715
5.202153
5.200872
5.202153
5.194467
5.189342
5.199591
5.19831
5.191904
5.195747
5.197029
5.190623
5.189342
5.191904
5.181655
5.180374
5.188061
5.188061
5.177812
5.188061
5.185499
5.180374
5.181655
5.182937
5.180374
5.172688
5.179093
5.170125
5.167563
5.170125
5.176531
5.168844
5.173969
5.176531
5.170125
5.170125
5.17525
5.172688
5.162439
5.172688
5.165001
5.162439
5.165001
5.167563
5.157314
5.161158
5.16372
5.16372
5.154752
5.159877
5.165001
5.156034
5.15219
5.157314
5.154752
5.148347
5.15219
5.157314
5.148347
5.154752
5.150909
5.150909
5.143222
5.150909
5.153471
5.139379
5.147066
5.147066
5.139379
5.144504
5.145785
5.139379
5.143222
5.14066
5.14066
5.130412
5.138098
5.138098
5.131692
5.136817
5.136817
5.12913
5.134255
5.134255
5.131692
5.122725
5.127849
5.126568
5.116319
5.122725
5.122725
5.118882
5.118882
5.118882
5.116319
5.103508
5.116319
5.115038
5.106071
5.112476
5.115038
5.115038
5.116319
5.1176
5.115038
5.104789
5.120162
5.116319
5.124006
5.125287
5.124006
5.125287
5.127849
5.12913
5.125287
5.113757
5.122725
5.112476
5.111195
5.112476
5.112476
5.108633
5.100946
5.107352
5.104789
5.093259
5.100946
5.100946
5.091979
5.098384
5.098384
5.097103
5.086854
5.091979
5.094541
5.084292
5.084292
5.084292
5.076605
5.075324
5.083011
5.085573
5.083011
5.086854
5.088135
5.083011
5.079167
5.086854
5.08173
5.071481
5.074043
5.075324
5.066357
5.062513
5.071481
5.054827
5.05867
5.061232
5.059951
5.050983
5.056108
5.054827
5.052264
5.057389
5.054827
5.043297
5.040734
5.052264
5.053545
5.042016
5.052264
5.054827
5.048421
5.053545
5.057389
5.053545
5.039454
5.048421
5.049702
5.039454
5.038172
5.040734
5.040734
5.022799
5.034329
5.031767
5.026642
5.018956
5.029204
5.030486
5.02408
5.036891
5.040734
5.03561
5.03561
5.038172
5.034329
5.029204
5.03561
5.036891
5.027924
5.029204
5.040734
5.030486
5.020237
5.021518
5.022799
5.015112
5.015112
5.01255
5.007426
5.002302
5.009988
5.013831
5.01255
5.029204
5.031767
5.03561
5.043297
5.048421
5.050983
5.038172
5.04714
5.040734
5.030486
5.030486
5.029204
5.018956
5.011269
5.017674
5.015112
5.002302
5.004864
5.006145
5.002302
4.997177
4.997177
4.998458
4.981804
4.992053
4.989491
4.981804
4.983085
4.984366
4.983085
4.972836
4.981804
4.976679
4.965149
4.970274
4.970274
4.961306
4.968993
4.967712
4.962587
4.956182
4.960025
4.960025
4.947214
4.956182
4.952339
4.951057
4.948495
4.951057
4.939528
4.936965
4.956558
4.94759
4.94759
4.951434
4.955277
4.94759
4.951434
4.94759
4.950153
4.941185
4.948872
4.94631
4.937342
4.938623
4.941185
4.939904
4.928374
4.939904
4.937342
4.929655
4.933498
4.933498
4.932217
4.932217
4.937342
4.921968
4.933498
4.94631
4.957839
4.957839
4.975775
4.969369
4.974494
4.978337
4.984743
4.983461
4.979618
4.988585
4.98218
4.977056
4.978337
4.978337
4.969369
4.95912
4.964245
4.960402
4.952715
4.951434
4.957839
4.950153
4.953996
4.952715
4.952715
4.942466
4.950153
4.948872
4.943747
4.942466
4.94631
4.950153
4.94631
4.964245
4.974494
4.980899
4.983461
4.99371
4.992429
4.988585
4.991148
4.991148
4.987305
4.974494
4.980899
4.977056
4.965526
4.97065
4.969369
4.964245
4.960402
4.957839
4.953996
4.93606
4.94631
4.94759
4.943747
4.94631
4.945028
4.942466
4.938623
4.943747
4.943747
4.937342
4.941185
4.93606
4.93606
4.932217
4.939904
4.939904
4.932217
4.938623
4.943747
4.937342
4.930936
4.939904
4.937342
4.929655
4.937342
4.93606
4.932217
4.933498
4.93606
4.93478
4.93478
4.93478
4.93606
4.927093
4.93606
4.932217
4.929655
4.92325
4.929655
4.927093
4.915563
4.919406
4.919406
4.910439
4.914282
4.916844
4.909158
4.905314
4.91172
4.913001
4.905314
4.909158
4.910439
4.898909
4.907876
4.902752
4.893785
4.897628
4.901471
4.902752
4.897628
4.896347
4.90019
4.88866
4.889941
4.897628
4.895065
4.891222
4.892503
4.893785
4.893785
4.883535
4.891222
4.892503
4.882255
4.886098
4.884817
4.878411
4.879692
4.870725
4.869443
4.870725
4.874568
4.875849
4.869443
4.875849
4.874568
4.872005
4.864319
4.874568
4.875849
4.869443
4.869443
4.870725
4.870725
4.861757
4.863038
4.864319
4.860476
4.857913
4.859195
4.846384
4.848946
4.855351
4.85407
4.851508
4.855351
4.848946
4.847665
4.838697
4.845103
4.845103
4.837416
4.839978
4.84254
4.837416
4.834854
4.839978
4.838697
4.832292
4.834854
4.832292
4.827167
4.83101
4.838697
4.841259
4.836135
4.841259
4.839978
4.837416
4.825886
4.832292
4.827167
4.822043
4.825886
4.822043
4.8182
4.814356
4.823324
4.823324
4.814356
4.823324
4.828448
4.816918
4.825886
4.820762
4.81948
4.813075
4.815637
4.814356
4.809232
4.811794
4.80795
4.804107
4.796421
4.805388
4.802826
4.79514
4.800264
4.787453
4.793859
4.793859
4.796421
4.791296
4.78361
4.790015
4.788734
4.781047
4.786172
4.78361
4.78361
4.777204
4.78361
4.779767
4.769518
4.777204
4.775923
4.769518
4.777204
4.775923
4.77208
4.761831
4.773361
4.768237
4.759269
4.759269
4.764393
4.757988
4.766955
4.770799
4.773361
4.766955
4.775923
4.774642
4.764393
4.768237
4.763112
4.757988
4.756707
4.756707
4.755425
4.746458
4.752863
4.750301
4.746458
4.745177
4.746458
4.740052
4.73749
4.740052
4.740052
4.732366
4.738771
4.738771
4.734928
4.73749
4.736209
4.734928
4.72596
4.733647
4.732366
4.731085
4.73749
4.734928
4.732366
4.727242
4.736209
4.731085
4.724679
4.727242
4.732366
4.72596
4.720836
4.731085
4.72596
4.719555
4.722117
4.724679
4.723398
4.713149
4.720836
4.722117
4.708025
4.719555
4.722117
4.715712
4.716992
4.719555
4.709306
4.711868
4.716992
4.71443
4.709306
4.713149
4.715712
4.71443
4.708025
4.715712
4.715712
4.708025
4.713149
4.71443
4.710587
4.711868
4.706744
4.706744
4.700338
4.708025
4.704182
4.697776
4.705462
4.70162
4.696495
4.692652
4.700338
4.695214
4.695214
4.695214
4.696495
4.69009
4.693933
4.695214
4.692652
4.69009
4.696495
4.692652
4.683684
4.693933
4.693933
4.686246
4.69009
4.687527
4.684965
4.684965
4.688808
4.684965
4.674716
4.677279
4.681122
4.672154
4.674716
4.674716
4.673435
4.677279
4.673435
4.668311
4.661905
4.66703
4.66703
4.661905
4.665749
4.665749
4.663187
4.656781
4.663187
4.660624
4.650375
4.658062
4.658062
4.638845
4.650375
4.651657
4.641407
4.64397
4.650375
4.649094
4.641407
4.645251
4.64397
4.640127
4.641407
4.640127
4.638845
4.631159
4.633721
4.635002
4.631159
4.635002
4.636283
4.626035
4.622191
4.626035
4.626035
4.62091
4.624753
4.626035
4.626035
4.617067
4.623472
4.626035
4.617067
4.626035
4.62091
4.610662
4.614505
4.619629
4.619629
4.617067
4.62091
4.618348
4.611942
4.604256
4.610662
4.606818
4.600412
4.606818
4.605537
4.601694
4.60938
4.613224
4.610662
4.599132
4.602975
4.601694
4.59785
4.59785
4.599132
4.594007
4.587602
4.58632
4.58632
4.582477
4.585039
4.582477
4.579915
4.568385
4.579915
4.576072
4.567104
4.564542
4.570947
4.567104
4.559417
4.563261
4.560699
4.553012
4.555574
4.558136
4.551731
4.542763
4.55045
4.551731
4.541482
4.553012
4.549169
4.540201
4.545325
4.541482
4.541482
4.545325
4.547887
4.546607
4.536357
4.542763
4.546607
4.540201
4.541482
4.546607
4.53892
4.536357
4.544044
4.541482
4.536357
4.541482
4.542763
4.53892
4.528671
4.536357
4.535077
4.524827
4.532514
4.533795
4.524827
4.528671
4.529952
4.518422
4.51586
4.523547
4.524827
4.51586
4.517141
4.518422
4.517141
4.51586
4.517141
4.517141
4.503049
4.512017
4.512017
4.50433
4.51586
4.514579
4.51586
4.508173
4.517141
4.514579
4.509454
4.514579
4.517141
4.510736
4.512017
4.513298
4.510736
4.503049
4.506892
4.505611
4.499206
4.499206
4.503049
4.490238
4.490238
4.496644
4.499206
4.485114
4.495362
4.491519
4.4928
4.483832
4.491519
4.479989
4.482552
4.487676
4.486395
4.500487
4.485114
4.485114
4.486395
4.477427
4.482552
4.483832
4.474865
4.479989
4.478708
4.472302
4.477427
4.476146
4.476146
4.468459
4.477427
4.476146
4.46974
4.476146
4.474865
4.46974
4.463335
4.468459
4.464616
4.45821
4.465897
4.464616
4.465897
4.459492
4.556855
4.628597
4.635002
4.635002
4.649094
4.591445
4.626035
4.623472
4.582477
4.505611
4.4928
4.478708
4.591445
4.518422
4.631159
4.64397
4.535077
4.503049
4.462054
4.427464
4.650984
4.629205
4.461381
4.433197
4.451132
4.467786
4.434478
4.411418
4.369142
4.065521
4.375547
4.593334
3.825956
3.790834
3.843359
3.753682
3.783148
3.83183
3.986843
4.008621
4.036806
4.061146
4.04193
4.044492
4.044492
4.085487
4.021432
4.016308
4.122639
4.099579
4.117515
4.130326
3.979156
4.303274
4.214878
4.2405
4.228971
4.202067
4.214878
4.231533
4.268684
4.28662
4.295588
4.293025
4.30968
4.321209
4.330177
4.319929
4.321209
4.314804
4.321209
4.327615
4.323772
4.323772
4.326334
4.327615
4.325053
4.332739
4.336583
4.332739
4.331459
4.341707
4.323772
4.334021
4.314804
4.276371
4.303274
4.308399
4.310961
4.308399
4.305836
4.30968
4.307117
4.307117
4.316085
4.318647
4.314804
4.321209
4.321209
4.321209
4.317366
4.322491
4.313523
4.322491
4.325053
4.327615
4.328896
4.330177
4.330177
4.328896
4.335302
4.335302
4.336583
4.335302
4.345551
4.346832
4.349394
4.354518
4.358361
4.358361
4.359643
4.363486
4.364767
4.359643
4.363486
4.366048
4.363486
4.360924
4.36861
4.366048
4.366048
4.371172
4.364767
4.36861
4.371172
4.36861
4.369891
4.371172
4.372454
4.372454
4.376297
4.377578
4.377578
4.376297
4.382702
4.385264
4.377578
4.387827
4.385264
4.389108
4.392951
4.392951
4.390389
4.395514
4.401919
4.398076
4.396794
4.395514
4.401919
4.395514
4.4032
4.401919
4.4032
4.405762
4.407043
4.409606
4.410887
4.412168
4.409606
4.412168
4.413449
4.417292
4.417292
4.41473
4.427541
4.423697
4.424979
4.431384
4.422948
4.419105
4.416543
4.420386
4.426791
4.420386
4.428072
4.429353
4.429353
4.431916
4.435759
4.430634
4.433197
4.438321
4.439602
4.438321
4.442164
4.443446
4.443446
4.447289
4.453694
4.44857
4.449851
4.453694
4.454976
4.44857
4.458819
4.462662
4.457538
4.454976
4.465224
4.465224
4.466506
4.47163
4.470349
4.467786
4.474192
4.475473
4.475473
4.479316
4.479316
4.481879
4.480597
4.487003
4.488284
4.484441
4.492127
4.490846
4.492127
4.493409
4.501095
4.501095
4.494689
4.503657
4.506219
4.503657
4.501095
4.512625
4.503657
4.506219
4.515187
4.516468
4.512625
4.519031
4.525436
4.524155
4.521593
4.526717
4.529279
4.524155
4.531841
4.535685
4.533123
4.533123
4.540809
4.543371
4.539528
4.544652
4.544652
4.543371
4.545934
4.55362
4.548496
4.551058
4.558744
4.558744
4.558744
4.56515
4.568993
4.563869
4.566431
4.568993
4.574118
4.572836
4.579242
4.581804
4.580523
4.580523
4.586929
4.584366
4.581804
4.593334
4.58821
4.589491
4.602302
4.602302
4.601021
4.604864
4.612551
4.601021
4.607426
4.609989
4.617675
4.611269
4.618956
4.621519
4.620237
4.622799
4.626643
4.626643
4.626643
4.631767
4.627924
4.631767
4.633049
4.638173
4.635611
4.635611
4.640735
4.644578
4.642016
4.643297
4.649703
4.644578
4.645859
4.647141
4.650984
4.647141
4.654827
4.656108
4.656108
4.65867
4.659951
4.656108
4.654827
4.661232
4.661232
4.662514
4.667638
4.668919
4.666357
4.666357
4.675324
4.675324
4.6702
4.674044
4.680449
4.668919
4.677887
4.680449
4.679168
4.68173
4.683011
4.685574
4.683011
4.689417
4.686854
4.686854
4.691979
4.691979
4.690698
4.688136
4.695822
4.691979
4.697104
4.699666
4.703509
4.697104
4.70479
4.702228
4.706071
4.708633
4.707352
4.703509
4.706071
4.712476
4.712476
4.709914
4.712476
4.709914
4.709914
4.720163
4.724006
4.718882
4.721444
4.731693
4.736817
4.739379
4.749629
4.752191
4.753472
4.752191
4.757315
4.757315
4.753472
4.750909
4.753472
4.749629
4.753472
4.754753
4.748347
4.748347
4.752191
4.753472
4.749629
4.753472
4.758596
4.749629
4.756034
4.756034
4.754753
4.756034
4.759877
4.758596
4.758596
4.762439
4.763721
4.759877
4.765002
4.765002
4.763721
4.763721
4.768845
4.768845
4.762439
4.767564
4.771407
4.766283
4.767564
4.771407
4.771407
4.770126
4.776532
4.773969
4.77525
4.773969
4.780375
4.781656
4.777812
4.784218
4.782937
4.781656
4.78678
4.789342
4.791904
4.802154
4.812402
4.820089
4.820089
4.830338
4.830338
4.827775
4.831619
4.831619
4.830338
4.823932
4.829057
4.827775
4.827775
4.817527
4.826494
4.827775
4.831619
4.835462
4.835462
4.831619
4.834181
4.836743
4.831619
4.834181
4.840587
4.839305
4.839305
4.840587
4.841867
4.838024
4.841867
4.840587
4.840587
4.839305
4.843149
4.845711
4.839305
4.84443
4.845711
4.845711
4.850835
4.850835
4.845711
4.84443
4.845711
4.849554
4.845711
4.850835
4.853397
4.850835
4.853397
4.852116
4.854679
4.848273
4.859803
4.863646
4.867489
4.880301
4.886706
4.887987
4.890549
4.896955
4.893112
4.890549
4.890549
4.889268
4.884144
4.880301
4.887987
4.880301
4.879019
4.884144
4.887987
4.882863
4.885425
4.886706
4.889268
4.885425
4.896955
4.894392
4.890549
4.898236
4.896955
4.896955
4.889268
4.894392
4.884144
4.890549
4.889268
4.894392
4.885425
4.890549
4.894392
4.880301
4.887987
4.893112
4.893112
4.885425
4.894392
4.893112
4.893112
4.887987
4.893112
4.89183
4.89183
4.894392
4.894392
4.890549
4.894392
4.896955
4.894392
4.899517
4.902079
4.902079
4.900798
4.902079
4.90336
4.898236
4.895674
4.894392
4.895674
4.889268
4.894392
4.899517
4.902079
4.90336
4.916172
4.921296
4.920015
4.920015
4.920015
4.921296
4.918734
4.921296
4.920015
4.91489
4.917452
4.920015
4.918734
4.916172
4.922577
4.91489
4.913609
4.912328
4.912328
4.909766
4.907204
4.908485
4.90336
4.905922
4.907204
4.908485
4.90336
4.904642
4.907204
4.902079
4.904642
4.902079
4.904642
4.895674
4.898236
4.898236
4.894392
4.894392
4.896955
4.895674
4.893112
4.898236
4.900798
4.895674
4.90336
4.908485
4.904642
4.899517
4.905922
4.911047
4.905922
4.907204
4.907204
4.905922
4.898236
4.904642
4.898236
4.904642
4.908485
4.908485
4.911047
4.909766
4.916172
4.912328
4.909766
4.913609
4.909766
4.905922
4.911047
4.912328
4.902079
4.911047
4.908485
4.909766
4.905922
4.912328
4.912328
4.905922
4.912328
4.916172
4.905922
4.908485
4.912328
4.90336
4.908485
4.90336
4.90336
4.895674
4.898236
4.900798
4.894392
4.894392
4.899517
4.894392
4.890549
4.899517
4.902079
4.898236
4.902079
4.90336
4.902079
4.902079
4.90336
4.893112
4.89183
4.895674
4.898236
4.89183
4.893112
4.894392
4.887987
4.889268
4.89183
4.890549
4.887987
4.890549
4.887987
4.887987
4.893112
4.890549
4.887987
4.882863
4.889268
4.886706
4.884144
4.877738
4.882863
4.866209
4.875176
4.879019
4.880301
4.872614
4.877738
4.875176
4.877738
4.873895
4.872614
4.873895
4.867489
4.873895
4.872614
4.870052
4.868771
4.872614
4.872614
4.871333
4.875176
4.871333
4.870052
4.868771
4.870052
4.870052
4.873895
4.870052
4.870052
4.871333
4.875176
4.873895
4.863646
4.871333
4.870052
4.870052
4.870052
4.871333
4.870052
4.868771
4.871333
4.870052
4.864927
4.867489
4.871333
4.862365
4.868771
4.868771
4.867489
4.864927
4.868771
4.866209
4.862365
4.864927
4.862365
4.866209
4.872614
4.880301
4.884144
4.890549
4.896955
4.898236
4.898236
4.898236
4.894392
4.886706
4.890549
4.884144
4.882863
4.880301
4.886706
4.887987
4.884144
4.890549
4.889268
4.884144
4.877738
4.885425
4.875176
4.877738
4.882863
4.871333
4.876457
4.876457
4.879019
4.871333
4.870052
4.871333
4.876457
4.870052
4.873895
4.872614
4.870052
4.871333
4.870052
4.871333
4.871333
4.871333
4.866209
4.863646
4.866209
4.866209
4.861084
4.857241
4.863646
4.859803
4.861084
4.862365
4.864927
4.855959
4.859803
4.859803
4.858522
4.857241
4.861084
4.859803
4.853397
4.857241
4.859803
4.855959
4.853397
4.858522
4.850835
4.849554
4.854679
4.857241
4.853397
4.857241
4.863646
4.862365
4.867489
4.868771
4.875176
4.873895
4.884144
4.881582
4.882863
4.880301
4.877738
4.871333
4.872614
4.872614
4.866209
4.867489
4.866209
4.868771
4.861084
4.866209
4.868771
4.861084
4.868771
4.864927
4.864927
4.858522
4.862365
4.862365
4.857241
4.859803
4.858522
4.857241
4.852116
4.845711
4.849554
4.850835
4.846992
4.853397
4.848273
4.850835
4.853397
4.846992
4.843149
4.845711
4.848273
4.841867
4.845711
4.84443
4.843149
4.845711
4.850835
4.852116
4.846992
4.852116
4.852116
4.850835
4.84443
4.849554
4.843149
4.840587
4.840587
4.843149
4.839305
4.840587
4.841867
4.836743
4.834181
4.836743
4.834181
4.827775
4.829057
4.830338
4.8329
4.827775
4.8329
4.834181
4.8329
4.836743
4.841867
4.834181
4.8329
4.839305
4.836743
4.8329
4.8329
4.835462
4.829057
4.823932
4.834181
4.820089
4.822651
4.822651
4.822651
4.814964
4.822651
4.82137
4.822651
4.825213
4.826494
4.835462
4.84443
4.855959
4.863646
4.866209
4.875176
4.879019
4.875176
4.872614
4.871333
4.862365
4.861084
4.861084
4.858522
4.840587
4.848273
4.846992
4.843149
4.840587
4.841867
4.835462
4.831619
4.829057
4.825213
4.822651
4.820089
4.820089
4.811121
4.807278
4.808559
4.80984
4.802154
4.805997
4.804716
4.79831
4.800872
4.795748
4.79831
4.790624
4.790624
4.789342
4.784218
4.784218
4.785499
4.779094
4.780375
4.779094
4.776532
4.77525
4.773969
4.772688
4.768845
4.765002
4.768845
4.768845
4.763721
4.763721
4.762439
4.757315
4.752191
4.754753
4.757315
4.752191
4.758596
4.756034
4.753472
4.754753
4.757315
4.754753
4.744504
4.750909
4.745785
4.743223
4.741942
4.745785
4.739379
4.739379
4.743223
4.747066
4.739379
4.740661
4.743223
4.735536
4.738099
4.736817
4.736817
4.730412
4.732974
4.732974
4.731693
4.731693
4.729131
4.722725
4.724006
4.721444
4.726569
4.722725
4.726569
4.727849
4.722725
4.720163
4.724006
4.712476
4.715039
4.720163
4.721444
4.713758
4.717601
4.715039
4.712476
4.717601
4.71632
4.713758
4.706071
4.712476
4.711195
4.707352
4.712476
4.71632
4.712476
4.709914
4.722725
4.71632
4.713758
4.712476
4.717601
4.715039
4.717601
4.71632
4.715039
4.71632
4.711195
4.711195
4.711195
4.712476
4.711195
4.707352
4.706071
4.707352
4.703509
4.706071
4.708633
4.703509
4.703509
4.706071
4.702228
4.691979
4.694541
4.691979
4.689417
4.695822
4.69326
4.691979
4.697104
4.695822
4.695822
4.69326
4.69326
4.697104
4.686854
4.689417
4.686854
4.683011
4.680449
4.686854
4.685574
4.683011
4.686854
4.688136
4.684292
4.686854
4.688136
4.683011
4.684292
4.680449
4.677887
4.685574
4.689417
4.689417
4.683011
4.690698
4.686854
4.688136
4.689417
4.69326
4.688136
4.690698
4.695822
4.695822
4.690698
4.689417
4.690698
4.683011
4.683011
4.686854
4.683011
4.683011
4.688136
4.688136
4.680449
4.683011
4.683011
4.679168
4.679168
4.679168
4.676606
4.676606
4.675324
4.671481
4.668919
4.6702
4.668919
4.648421
4.654827
4.652265
4.647141
4.650984
4.650984
4.649703
4.645859
4.648421
4.649703
4.642016
4.644578
4.644578
4.643297
4.640735
4.647141
4.645859
4.643297
4.650984
4.65867
4.656108
4.668919
4.674044
4.672762
4.677887
4.683011
4.683011
4.677887
4.680449
4.680449
4.675324
4.676606
4.672762
4.667638
4.671481
4.6702
4.667638
4.667638
4.668919
4.667638
4.663795
4.666357
4.656108
4.65867
4.659951
4.65867
4.654827
4.654827
4.656108
4.657389
4.650984
4.653546
4.653546
4.650984
4.649703
4.654827
4.653546
4.645859
4.654827
4.652265
4.647141
4.653546
4.650984
4.648421
4.648421
4.649703
4.642016
4.643297
4.642016
4.643297
4.639454
4.642016
4.643297
4.640735
4.642016
4.643297
4.639454
4.635611
4.639454
4.635611
4.634329
4.639454
4.639454
4.631767
4.633049
4.640735
4.633049
4.626643
4.630486
4.633049
4.625362
4.630486
4.633049
4.630486
4.624081
4.629205
4.626643
4.625362
4.625362
4.620237
4.624081
4.621519
4.622799
4.624081
4.618956
4.624081
4.624081
4.621519
4.621519
4.624081
4.616394
4.616394
4.617675
4.622799
4.618956
4.621519
4.624081
4.617675
4.618956
4.622799
4.622799
4.617675
4.609989
4.620237
4.617675
4.615113
4.617675
4.618956
4.612551
4.617675
4.618956
4.612551
4.609989
4.618956
4.613832
4.609989
4.616394
4.620237
4.615113
4.621519
4.625362
4.625362
4.622799
4.625362
4.629205
4.624081
4.629205
4.625362
4.622799
4.620237
4.622799
4.621519
4.617675
4.621519
4.617675
4.618956
4.616394
4.617675
4.613832
4.613832
4.618956
4.617675
4.615113
4.616394
4.615113
4.613832
4.615113
4.612551
4.608707
4.611269
4.611269
4.615113
4.609989
4.611269
4.612551
4.609989
4.612551
4.620237
4.615113
4.620237
4.630486
4.635611
4.627924
4.631767
4.631767
4.629205
4.625362
4.626643
4.629205
4.620237
4.625362
4.621519
4.617675
4.616394
4.618956
4.612551
4.612551
4.616394
4.611269
4.611269
4.609989
4.616394
4.606145
4.611269
4.615113
4.617675
4.613832
4.616394
4.615113
4.611269
4.613832
4.612551
4.609989
4.609989
4.608707
4.607426
4.606145
4.607426
4.604864
4.606145
4.595896
4.606145
4.601021
4.602302
4.598459
4.603583
4.603583
4.59974
4.603583
4.603583
4.601021
4.597178
4.603583
4.603583
4.603583
4.606145
4.604864
4.606145
4.601021
4.604864
4.604864
4.597178
4.598459
4.598459
4.593334
4.597178
4.595896
4.595896
4.590772
4.592053
4.597178
4.58821
4.584366
4.58821
4.584366
4.579242
4.585648
4.58821
4.581804
4.585648
4.589491
4.586929
4.589491
4.593334
4.590772
4.585648
4.589491
4.586929
4.583086
4.580523
4.583086
4.580523
4.57668
4.575399
4.57668
4.570274
4.57668
4.575399
4.575399
4.568993
4.574118
4.570274
4.560026
4.566431
4.571556
4.563869
4.561307
4.568993
4.56515
4.563869
4.56515
4.567712
4.56515
4.562588
4.56515
4.563869
4.558744
4.560026
4.561307
4.556182
4.554901
4.561307
4.560026
4.551058
4.558744
4.558744
4.551058
4.551058
4.551058
4.552339
4.548496
4.551058
4.552339
4.548496
4.548496
4.547215
4.549777
4.549777
4.547215
4.544652
4.544652
4.543371
4.540809
4.540809
4.543371
4.544652
4.538247
4.54209
4.540809
4.539528
4.539528
4.539528
4.533123
4.535685
4.539528
4.539528
4.535685
4.540809
4.535685
4.531841
4.533123
4.534404
4.533123
4.527998
4.535685
4.536966
4.531841
4.533123
4.535685
4.533123
4.526717
4.531841
4.527998
4.529279
4.529279
4.529279
4.522874
4.526717
4.53056
4.525436
4.525436
4.534404
4.515187
4.524155
4.531841
4.529279
4.525436
4.527998
4.529279
4.525436
4.521593
4.527998
4.522874
4.524155
4.524155
4.527998
4.519031
4.525436
4.525436
4.522874
4.522874
4.525436
4.520311
4.520311
4.520311
4.519031
4.515187
4.517749
4.519031
4.512625
4.519031
4.519031
4.516468
4.515187
4.515187
4.508781
4.507501
4.517749
4.512625
4.511344
4.516468
4.517749
4.511344
4.510063
4.512625
4.515187
4.508781
4.510063
4.512625
4.503657
4.506219
4.511344
4.513906
4.503657
4.508781
4.508781
4.504938
4.507501
4.504938
4.506219
4.498533
4.504938
4.504938
4.502376
4.503657
4.506219
4.506219
4.495971
4.506219
4.506219
4.499814
4.506219
4.48316
4.474192
4.489565
4.504938
4.504938
4.499814
4.501095
4.497252
4.494689
4.502376
4.489565
4.498533
4.495971
4.498533
4.499814
4.494689
4.499814
4.501095
4.497252
4.492127
4.499814
4.494689
4.490846
4.492127
4.490846
4.488284
4.489565
4.490846
4.488284
4.485722
4.487003
4.488284
4.480597
4.487003
4.487003
4.484441
4.480597
4.484441
4.485722
4.480597
4.481879
4.485722
4.480597
4.478035
4.481879
4.484441
4.475473
4.479316
4.475473
4.479316
4.478035
4.479316
4.478035
4.479316
4.476754
4.480597
4.472911
4.476754
4.480597
4.479316
4.476754
4.48316
4.479316
4.47163
4.480597
4.475473
4.474192
4.474192
4.480597
4.470349
4.474192
4.475473
4.475473
4.47163
4.470349
4.474192
4.465224
4.472911
4.478035
4.474192
4.470349
4.476754
4.479316
4.472911
4.478035
4.476754
4.479316
4.466506
4.472911
4.478035
4.462662
4.474192
4.472911
4.474192
4.476754
4.478035
4.475473
4.47163
4.476754
4.475473
4.472911
4.476754
4.472911
4.472911
4.470349
4.474192
4.474192
4.463943
4.470349
4.467786
4.462662
4.466506
4.47163
4.470349
4.467786
4.47163
4.47163
4.463943
4.467786
4.470349
4.4601
4.470349
4.470349
4.466506
4.466506
4.469068
4.469068
4.465224
4.470349
4.465224
4.465224
4.469068
4.47163
4.467786
4.469068
4.469068
4.47163
4.467786
4.469068
4.47163
4.463943
4.469068
4.466506
4.47163
4.463943
4.47163
4.467786
4.461381
4.466506
4.467786
4.462662
4.458819
4.461381
4.458819
4.456256
4.4601
4.4601
4.4601
4.456256
4.4601
4.461381
4.453694
4.458819
4.4601
4.451132
4.454976
4.458819
4.458819
4.452413
4.457538
4.447289
4.458819
4.466506
4.465224
4.467786
4.462662
4.466506
4.47163
4.463943
4.465224
4.465224
4.410137
4.401169
4.407575
4.531841
4.620237
4.224378
4.258967
4.454976
4.617675
4.645859
4.58821
4.590772
4.562588
4.575399
4.580523
4.609989
4.627924
4.470349
4.434478
4.447289
4.323022
4.275621
4.276903
4.271778
4.282027
4.232064
4.232064
4.478035
4.684292
4.711195
4.644578
4.639454
4.618956
4.615113
4.592053
4.567712
4.579242
4.568993
4.556182
4.554901
4.558744
4.551058
4.545934
4.544652
4.545934
4.538247
4.538247
4.538247
4.536966
4.536966
4.543371
4.552339
4.548496
4.55362
4.548496
4.549777
4.544652
4.551058
4.543371
4.539528
4.54209
4.536966
4.531841
4.533123
4.533123
4.527998
4.522874
4.520311
4.520311
4.507501
4.513906
4.510063
4.508781
4.504938
4.508781
4.510063
4.507501
4.508781
4.507501
4.504938
4.499814
4.503657
4.495971
4.490846
4.494689
4.490846
4.488284
4.481879
4.488284
4.485722
4.475473
4.475473
4.476754
4.466506
4.466506
4.47163
4.467786
4.463943
4.463943
4.462662
4.4601
4.458819
4.458819
4.458819
4.451132
4.454976
4.452413
4.44857
4.44857
4.447289
4.446008
4.442164
4.444726
4.440883
4.435759
4.43704
4.446008
4.447289
4.440883
4.444726
4.444726
4.440883
4.434478
4.440883
4.435759
4.429353
4.434478
4.435759
4.433197
4.424229
4.435759
4.434478
4.431916
4.439602
4.442164
4.438321
4.444726
4.440883
4.439602
4.434478
4.43704
4.435759
4.426791
4.430634
4.430634
4.426791
4.42551
4.429353
4.421667
4.41398
4.426791
4.42551
4.417824
4.424229
4.422948
4.416543
4.421667
4.415261
4.411418
4.408856
4.416543
4.412699
4.405013
4.410137
4.410137
4.407575
4.406294
4.407575
4.402451
4.399888
4.401169
4.402451
4.397326
4.398607
4.399888
4.392201
4.392201
4.396045
4.390921
4.387077
4.390921
4.388358
4.385796
4.390921
4.390921
4.385796
4.388358
4.387077
4.387077
4.380672
4.383234
4.380672
4.378109
4.380672
4.379391
4.376828
4.378109
4.379391
4.379391
4.372985
4.379391
4.375547
4.374266
4.374266
4.379391
4.375547
4.376828
4.381953
4.381953
4.374266
4.378109
4.376828
4.369142
4.374266
4.371704
4.369142
4.36658
4.372985
4.369142
4.364017
4.36658
4.367861
4.358893
4.362736
4.364017
4.358893
4.362736
4.358893
4.358893
4.347363
4.356331
4.358893
4.351206
4.353768
4.352488
4.349926
4.353768
4.358893
4.357612
4.35505
4.360174
4.358893
4.356331
4.360174
4.358893
4.349926
4.352488
4.353768
4.353768
4.347363
4.349926
4.351206
4.347363
4.349926
4.352488
4.344801
4.342239
4.347363
4.344801
4.340958
4.346082
4.347363
4.344801
4.347363
4.351206
4.348644
4.347363
4.351206
4.35505
4.347363
4.349926
4.352488
4.348644
4.35505
4.365298
4.371704
4.369142
4.372985
4.370423
4.364017
4.365298
4.367861
4.362736
4.353768
4.357612
4.357612
4.352488
4.35505
4.356331
4.348644
4.346082
4.347363
4.348644
4.34352
4.351206
4.347363
4.342239
4.344801
4.348644
4.34352
4.335833
4.340958
4.335833
4.337114
4.334552
4.338396
4.334552
4.335833
4.335833
4.334552
4.334552
4.33199
4.339676
4.333271
4.33199
4.338396
4.333271
4.330709
4.334552
4.333271
4.329428
4.328146
4.329428
4.325584
4.324303
4.328146
4.330709
4.324303
4.330709
4.326866
4.326866
4.325584
4.329428
4.324303
4.32046
4.321741
4.321741
4.321741
4.324303
4.323022
4.323022
4.317898
4.323022
4.32046
4.314054
4.315336
4.316617
4.312773
4.315336
4.317898
4.319179
4.310211
4.319179
4.317898
4.316617
4.312773
4.321741
4.315336
4.315336
4.316617
4.319179
4.311492
4.315336
4.316617
4.314054
4.312773
4.316617
4.311492
4.307649
4.315336
4.312773
4.307649
4.314054
4.314054
4.310211
4.307649
4.312773
4.30893
4.307649
4.307649
4.311492
4.302525
4.306368
4.306368
4.305087
4.303806
4.306368
4.299963
4.299963
4.2974
4.298681
4.296119
4.301243
4.301243
4.2974
4.299963
4.306368
4.296119
4.294838
4.299963
4.299963
4.292276
4.301243
4.302525
4.302525
4.307649
4.305087
4.306368
4.312773
4.316617
4.316617
4.329428
4.338396
4.347363
4.346082
4.351206
4.351206
4.344801
4.342239
4.347363
4.344801
4.338396
4.34352
4.338396
4.334552
4.334552
4.333271
4.328146
4.330709
4.328146
4.32046
4.32046
4.323022
4.319179
4.311492
4.32046
4.317898
4.311492
4.316617
4.317898
4.314054
4.316617
4.312773
4.30893
4.315336
4.307649
4.306368
4.305087
4.30893
4.307649
4.301243
4.30893
4.30893
4.303806
4.298681
4.302525
4.298681
4.298681
4.307649
4.307649
4.298681
4.299963
4.301243
4.294838
4.296119
4.298681
4.287151
4.28587
4.294838
4.284589
4.287151
4.289713
4.293557
4.292276
4.287151
4.289713
4.289713
4.28587
4.28587
4.288433
4.284589
4.287151
4.287151
4.288433
4.28587
4.289713
4.289713
4.282027
4.288433
4.294838
4.168009
4.118046
4.107798
4.071927
4.15776
4.178258
4.188507
4.202599
4.23847
4.278184
4.298681
4.351206
4.378109
4.380672
4.374266
4.367861
4.361455
4.34352
4.337114
4.326866
4.315336
4.324303
4.34352
4.351206
4.361455
4.378109
4.378109
4.364017
4.352488
4.347363
4.321741
4.325584
4.32046
4.312773
4.314054
4.307649
4.2974
4.306368
4.326866
4.333271
4.329428
4.334552
4.324303
4.333271
4.282027
4.310211
4.444726
4.470349
4.439602
4.419105
4.428072
4.428072
4.41398
4.4601
4.501095
4.521593
4.586929
4.575399
4.609989
4.638173
4.68173
4.711195
4.726569
4.748347
4.776532
4.795748
4.795748
4.816246
4.802154
4.793186
4.785499
4.744504
4.709914
4.690698
4.69326
4.750909
4.82137
4.887987
4.964853
5.019332
5.05136
5.070576
5.023175
4.969369
4.925812
4.88866
4.896347
4.909158
4.915563
4.904033
4.882255
4.893785
4.787453
4.834854
4.80795
4.752863
4.424902
4.394764
4.516468
4.613832
4.777812
4.757315
4.927701
4.932217
4.930936
4.851508
4.646532
4.72596
4.71443
4.708025
4.700338
4.775923
4.774642
4.82973
4.545325
4.656781
4.933498
4.95912
4.834854
4.763112
4.751582
4.69137
4.568385
4.535077
4.513298
4.48127
4.46974
4.446681
4.433869
4.435759
4.443446
4.447289
4.446008
4.449851
4.446008
4.429353
4.421667
4.421667
4.419105
4.402451
4.405013
4.406294
4.398607
4.397326
4.393483
4.396045
4.387077
4.387077
4.384515
4.389639
4.469068
4.438321
4.339676
4.223096
4.132138
4.101392
4.092424
4.071927
4.066803
4.06424
4.202599
4.271778
4.472911
4.56515
4.585648
4.613832
4.524155
4.367861
4.362736
4.396045
4.410137
4.439602
4.481879
4.540809
4.57668
4.59974
4.622799
4.820089
4.814964
4.618956
4.691979
4.71632
4.734255
4.718882
4.717601
4.745785
4.811121
4.876457
4.945637
4.957839
4.957839
4.93606
4.921968
4.875849
4.833573
4.816918
4.79514
4.77208
4.768237
4.76055
4.74902
4.761831
4.76055
4.751582
4.741333
4.750301
4.756707
4.765675
4.777204
4.784891
4.775923
4.768237
4.768237
4.757988
4.743896
4.742615
4.733647
4.720836
4.719555
4.705462
4.705462
4.704182
4.709306
4.729804
4.792577
4.882255
4.974494
5.027019
5.060327
5.078263
5.066733
5.030862
5.007802
5.014208
5.088511
5.184594
5.28452
5.321671
5.329358
5.316547
5.292206
5.239681
5.220465
5.229433
5.264022
5.260179
5.234557
5.207654
5.166658
5.125663
5.082106
5.073138
5.056484
4.945028
4.763112
4.769518
4.759269
4.734928
4.706744
4.696495
4.709306
4.72596
4.759269
4.704182
4.720836
4.811794
4.839978
4.81948
4.80667
4.815637
4.778485
4.741333
4.781047
4.763112
4.751582
4.793859
4.856632
4.896347
4.883535
4.873287
4.872005
4.775923
4.809232
4.810513
4.824605
4.832292
4.847665
4.816918
4.798983
4.788734
4.78361
4.773361
4.778485
4.781047
4.755425
4.761831
4.765675
4.763112
4.777204
4.792577
4.823324
4.847665
4.90019
4.937342
4.952715
4.956558
4.966807
4.945028
4.932217
4.93478
4.928374
4.928374
4.988585
5.09876
5.171783
5.251211
5.338326
5.403662
5.443376
5.459654
5.460935
5.421221
5.402005
5.402005
5.381507
5.367415
5.339231
5.308484
5.289268
5.276457
5.249554
5.213683
5.203434
4.9075
4.519703
4.520984
4.777204
4.868162
4.430026
4.392201
4.613832
4.707352
4.845711
4.973821
5.038548
5.078263
5.018051
5.00524
5.337045
5.442095
5.307203
5.042016
5.236742
5.293111
5.428908
5.63004
5.50193
5.150909
5.168844
5.549331
5.624916
5.674879
5.695376
5.742777
5.851671
6.006684
6.122535
6.185308
6.150719
5.343626
4.810136
4.886098
4.761831
4.697776
4.651657
4.786172
4.617067
4.604256
4.778485
5.256336
5.439533
4.671481
4.674044
4.663795
4.58821
4.507501
4.766283
4.902079
4.770126
4.740661
4.699666
4.731693
4.752191
4.757315
4.771407
4.771407
4.793186
4.823932
4.823932
4.827775
4.829057
4.825213
4.818808
4.822651
4.814964
4.812402
4.80984
4.813684
4.811121
4.807278
4.812402
4.813684
4.817527
4.8329
4.845711
4.857241
4.873895
4.890549
4.896955
4.902079
4.913609
4.927701
4.942466
4.97065
4.988585
4.989867
4.99371
4.997553
4.983461
4.973213
4.966807
4.961683
4.94759
4.94631
4.943747
4.93606
4.943747
4.939904
4.938623
4.932217
4.943747
4.943747
4.939904
4.950153
4.951434
4.933498
4.948872
4.953996
4.950153
4.957839
4.960402
4.964245
4.969369
4.977056
4.98218
4.979618
4.992429
5.000115
4.998835
5.007802
5.020613
5.012927
5.025738
5.032143
5.033424
5.037268
5.041111
5.06417
5.0283
5.13335
5.132069
5.193562
5.217903
5.230713
5.188437
5.20381
5.212778
5.174345
5.237119
5.299893
5.278114
5.271709
5.26146
5.247368
5.184594
5.138474
5.023175
4.8656
5.083387
5.044954
4.969369
4.928374
4.915563
4.907876
4.994991
5.057765
5.103885
5.188437
5.27299
5.225589
5.305017
5.330639
5.29605
5.276833
5.285801
5.266584
5.292206
5.299893
5.292206
5.403662
5.448501
5.46606
5.450686
5.450686
5.444281
5.448124
5.430189
5.427627
5.430189
5.331544
5.355885
5.400723
5.434032
5.421221
5.434032
5.426345
5.425065
5.426345
5.417378
5.403286
5.359728
5.486557
5.550612
5.591607
5.368696
5.191904
4.869067
4.649094
4.804107
4.81948
4.732366
5.050078
5.197405
5.258898
5.306298
5.331921
5.351137
5.374197
5.385726
5.372916
5.367791
5.353699
5.335764
5.321671
5.310142
5.294768
5.288363
5.281958
5.266584
5.271709
5.27299
5.267866
5.260179
5.264022
5.264022
5.256336
5.26146
5.260179
5.258898
5.255054
5.262741
5.258898
5.257617
5.264022
5.265303
5.26146
5.270428
5.270428
5.269146
5.27299
5.275552
5.270428
5.27299
5.279395
5.279395
5.283238
5.280676
5.251211
5.24993
5.260179
5.262741
5.252492
5.26146
5.197405
5.237119
5.24993
5.242243
5.229433
5.230713
5.229433
5.229433
5.223027
5.22687
5.231995
5.224308
5.223027
5.239681
5.2384
5.248649
5.248649
5.262741
5.247368
5.310142
5.513836
5.422502
5.354604
5.410972
5.180374
5.143222
5.249554
5.336668
5.381507
5.395599
5.395599
5.402005
5.404567
5.399442
5.404567
5.410972
5.422502
5.458373
5.289268
5.267489
5.249554
5.243148
5.252116
5.254678
5.248272
5.259802
5.259802
5.25724
5.264927
5.267489
5.270051
5.264927
5.272614
5.275176
5.272614
5.275176
5.281581
5.2803
5.284143
5.289268
5.289268
5.286705
5.296954
5.304641
5.296954
5.308484
5.313609
5.316171
5.320014
5.322577
5.323857
5.318733
5.32642
5.330263
5.336668
5.354604
5.35076
5.376382
5.41994
5.439157
5.455811
5.462216
5.51346
5.487838
5.427627
5.460935
5.46734
5.451967
5.450686
5.463497
5.463497
5.463497
5.462216
5.475027
5.482714
5.47887
5.4904
5.495525
5.495525
5.50193
5.509617
5.510898
5.51346
5.517303
5.517303
5.523709
5.531395
5.532677
5.530115
5.539082
5.539082
5.542925
5.545488
5.549331
5.539082
5.544207
5.555737
5.558299
5.554455
5.55958
5.565985
5.562142
5.565985
5.572391
5.563423
5.567266
5.574953
5.580078
5.580078
5.58264
5.58264
5.581358
5.58392
5.585202
5.589045
5.586483
5.591607
5.59545
5.59417
5.600575
5.601856
5.59417
5.598013
5.598013
5.598013
5.55958
5.674879
5.717155
5.688971
5.645413
5.656943
5.647976
5.645413
5.655662
5.636446
5.633883
5.644133
5.631321
5.61851
5.624916
5.623635
5.621073
5.610824
5.613386
5.61851
5.617229
5.612105
5.626197
5.624916
5.610824
5.617229
5.622354
5.601856
5.613386
5.612105
5.587764
5.586483
5.508336
5.498087
5.487838
5.485276
5.533958
5.558299
5.528833
5.52499
5.519866
5.526271
5.545488
5.58264
5.603137
5.613386
5.637727
5.654381
5.66463
5.667192
5.686409
5.68769
5.685128
5.692814
5.696658
5.701782
5.700501
5.692814
5.688971
5.680003
5.680003
5.672317
5.663349
5.654381
5.647976
5.645413
5.633883
5.633883
5.633883
5.635165
5.6531
5.682565
5.703063
5.712031
5.727404
5.728685
5.724842
5.723561
5.715874
5.701782
5.690252
5.686409
5.678722
5.671035
5.668473
5.672317
5.669755
5.688971
5.69922
5.705625
5.709468
5.718436
5.718436
5.71075
5.712031
5.706906
5.704344
5.703063
5.709468
5.706906
5.701782
5.717155
5.740215
5.755588
5.753026
5.755588
5.745339
5.74662
5.78121
5.82733
5.868325
5.92085
5.997716
6.041825
6.075134
6.12894
6.164811
6.159687
6.162249
6.162249
6.167373
6.16353
6.17506
6.172498
6.162249
6.154562
6.139189
6.11741
6.100756
6.089226
6.068728
6.054636
6.055918
6.057199
6.055918
6.063604
6.064885
6.054636
6.063604
6.064885
6.08154
6.10588
6.14047
6.150719
6.154562
6.162249
6.157125
6.145595
6.136627
6.122535
6.102037
6.089226
6.098194
6.073853
6.036701
6.030295
6.027733
6.018765
6.026452
6.027733
6.026452
6.027733
6.045669
6.041825
6.052074
6.064885
6.076415
6.072572
6.098194
6.099475
6.123816
6.149438
6.187871
6.22246
6.240396
6.259613
6.266018
6.260893
6.255769
6.248083
6.240396
6.226304
6.218617
6.20965
6.205806
6.20965
6.208368
6.18659
6.204525
6.221179
6.241677
6.276267
6.308294
6.322386
6.332635
6.348008
6.340322
6.327511
6.328792
6.332635
6.336478
6.333916
6.336478
6.330073
6.309575
6.294202
6.295483
6.298045
6.313418
6.336478
6.350571
6.348008
6.354414
6.348008
6.339041
6.322386
6.301888
6.285234
6.263456
6.267299
6.286516
6.313418
6.360819
6.394128
6.415906
6.415906
6.423593
6.411638
6.400108
6.387298
6.396265
6.373206
6.353989
6.350146
6.345021
6.341178
6.351427
6.3668
6.373206
6.387298
6.391141
6.387298
6.374486
6.370643
6.362957
6.351427
6.35527
6.348865
6.342459
6.329648
6.338616
6.337335
6.3668
6.441104
6.515408
6.574338
6.614052
6.640955
6.620458
6.597398
6.567933
6.533343
6.492348
6.475693
6.457758
6.435979
6.425731
6.411638
6.434698
6.446228
6.432136
6.435979
6.476974
6.347583
6.333491
6.325805
6.324523
6.352708
6.392422
6.433417
6.462883
6.474412
6.491066
6.489786
6.488504
6.485942
6.468007
6.461601
6.444947
6.416763
6.397546
6.379611
6.359113
6.33221
6.325805
6.306588
6.293777
6.292496
6.283528
6.270718
6.266874
6.264312
6.263031
6.248939
6.257906
6.256625
6.245095
6.247658
6.247658
6.232285
6.234847
6.23869
6.236128
6.228441
6.236128
6.232285
6.228441
6.220755
6.23869
6.247658
6.251501
6.266874
6.277123
6.277123
6.270718
6.278404
6.279685
6.269436
6.264312
6.264312
6.256625
6.257906
6.255344
6.255344
6.25022
6.256625
6.251501
6.243814
6.242533
6.236128
6.229722
6.22716
6.234847
6.232285
6.222036
6.224598
6.228441
6.211787
6.214349
6.220755
6.224598
6.223317
6.237409
6.242533
6.23869
6.23869
6.246377
6.232285
6.232285
6.234847
6.233566
6.220755
6.225879
6.223317
6.21563
6.213068
6.223317
6.223317
6.216911
6.223317
6.228441
6.218193
6.187446
6.187446
6.183603
6.16951
6.16823
6.160543
6.155418
6.155418
6.161824
6.1567
6.146451
6.149013
6.151575
6.147732
6.152856
6.154138
6.155418
6.151575
6.159262
6.161824
6.1567
6.161824
6.160543
6.161824
6.149013
6.155418
6.161824
6.165668
6.187446
6.218193
6.220755
6.22716
6.246377
6.246377
6.23869
6.231003
6.224598
6.21563
6.202819
6.2041
6.207943
6.198976
6.196414
6.198976
6.198976
6.184884
6.191289
6.191289
6.19257
6.205381
6.225879
6.236128
6.242533
6.254063
6.265593
6.242533
6.242533
6.243814
6.237409
6.220755
6.219473
6.213068
6.196414
6.193851
6.184884
6.183603
6.160543
6.16823
6.166948
6.154138
6.160543
6.160543
6.159262
6.1567
6.173354
6.177197
6.178478
6.187446
6.198976
6.197695
6.200257
6.206663
6.201538
6.190008
6.187446
6.186165
6.18104
6.182322
6.18104
6.17976
6.174635
6.177197
6.170792
6.159262
6.165668
6.159262
6.149013
6.147732
6.14517
6.138764
6.132359
6.136202
6.141326
6.127234
6.129797
6.125953
6.120829
6.116985
6.124672
6.138764
6.147732
6.175916
6.190008
6.196414
6.200257
6.207943
6.202819
6.19257
6.196414
6.200257
6.210506
6.219473
6.231003
6.229722
6.220755
6.222036
6.214349
6.205381
6.190008
6.184884
6.16823
6.152856
6.147732
6.142608
6.129797
6.119548
6.124672
6.116985
6.115705
6.12211
6.116985
6.104175
6.11058
6.106737
6.101612
6.105455
6.106737
6.096488
6.08752
6.097769
6.092645
6.082396
6.084958
6.086239
6.07599
6.078553
6.07599
6.077271
6.070866
6.078553
6.081115
6.081115
6.083677
6.082396
6.082396
6.067023
6.07599
6.077271
6.065742
6.068304
6.069585
6.05165
6.05165
6.060617
6.06446
6.059336
6.069585
6.077271
6.088801
6.095207
6.106737
6.11058
6.106737
6.104175
6.101612
6.102893
6.09905
6.113142
6.127234
6.127234
6.142608
6.146451
6.141326
6.138764
6.136202
6.125953
6.109299
6.105455
6.097769
6.08752
6.084958
6.081115
6.07599
6.065742
6.068304
6.065742
6.061898
6.058055
6.056774
6.055493
6.050368
6.055493
6.058055
6.05293
6.061898
6.050368
6.061898
6.055493
6.065742
6.061898
6.049087
6.055493
6.056774
6.046525
6.046525
6.045244
6.043963
6.032433
6.036276
6.034995
6.02859
6.024746
6.027308
6.027308
6.023465
6.029871
6.02859
6.018341
6.022184
6.019622
6.009373
6.014498
6.014498
6.008092
6.00553
6.011935
6.018341
6.009373
6.019622
6.018341
6.009373
6.010654
6.011935
6.000405
5.995281
6.000405
5.997843
5.991438
5.997843
5.996562
5.994
5.996562
5.999125
6.001687
5.987595
5.999125
6.001687
5.991438
5.991438
5.992719
5.992719
5.978627
5.985032
5.986313
5.974783
5.977345
5.979908
5.972221
5.97094
5.976065
5.974783
5.967097
5.97094
5.968378
5.958129
5.964535
5.969659
5.981189
5.987595
6.008092
6.019622
6.014498
6.027308
6.027308
6.015779
6.008092
6.023465
6.02859
6.042682
6.058055
6.063179
6.054212
6.068304
6.061898
6.049087
6.050368
6.046525
6.033714
6.019622
6.023465
6.022184
6.015779
6.022184
6.019622
6.018341
6.014498
6.015779
6.009373
5.997843
6.001687
5.999125
5.990157
5.995281
5.992719
5.98247
5.985032
5.986313
5.976065
5.969659
5.973502
5.968378
5.961972
5.965816
5.967097
5.961972
5.954286
5.961972
5.95941
5.945318
5.954286
5.949162
5.941475
5.942756
5.94788
5.93635
5.947024
5.955992
5.957273
5.949586
5.950867
5.952148
5.950867
